0
0
0
0
0
0
0
0
190
0
190
310
140
0
210
1780
330
200
480
60
530
410
630
720
350
2000
380
550
910
360
420
740
2080
740
460
1090
490
750
1510
2410
1120
830
1950
810
870
1640
1630
2380
2300
1540
1640
1370
1280
1970
2080
4550
2370
2760
2110
2320
1610
2710
2130
2220
2680
2210
1690
2970
4940
2400
1850
3110
2470
2970
2190
3350
2910
5550
2300
3080
4200
2920
4130
3860
2850
3320
4260
3480
4450
6510
3340
2750
4090
3700
3500
4630
3360
4570
4690
6820
3630
4410
3980
3050
3890
3730
5200
4670
5060
3280
5010
7240
3990
4590
4200
3430
3890
5460
4990
7500
4570
5550
4310
5460
5170
4090
4260
4980
7810
5950
4420
4870
5580
5890
5520
5500
5110
8200
4700
5770
4960
5380
6410
6210
5480
8490
4940
6630
5520
5980
6660
5620
6610
6560
8920
6000
5310
7160
6160
6390
6670
6660
7400
7030
9220
7780
6660
6460
6940
7200
8910
9540
7230
8070
8020
7510
7350
7220
6820
7310
8300
7750
10610
7540
7680
9800
7710
9900
7700
7410
7860
7830
10850
8770
7970
8180
10130
10240
11020
8220
10210
8050
8170
8090
8860
10690
9530
11450
8320
10470
8490
8470
8770
8510
10610
11160
11990
10470
8950
8910
8710
12100
11160
8800
11470
10150
9200
11320
11010
10170
11500
8950
8950
9570
0
9510
9160
11500
0
10530
13010
11950
0
11720
11800
10870
9690
510
0
540
11870
12350
13990
860
800
0
0
280
11720
12140
14200
1030
810
280
0
510
0
1070
1300
0
3320
970
1220
810
0
3570
500
400
470
1590
1380
1610
1680
1350
650
1770
3820
1780
1540
1450
500
1070
1880
1100
4100
1070
1780
2070
1650
1100
4280
1610
4980
2350
2650
2350
1850
2190
2340
4790
1910
2530
3000
5450
3170
2450
2180
5180
2610
2550
5200
2720
3730
5660
3390
2880
2540
2880
2860
2930
3630
5610
3780
4200
6190
3310
3230
3380
3430
4310
3180
4320
6490
4420
3610
7210
4790
4550
4480
3970
4800
6970
7300
4110
4900
3690
4940
4110
4220
4400
5160
7730
4950
7820
4530
4060
4540
5630
5380
5400
4690
5100
8020
5620
8680
4260
4760
5230
5670
4850
4990
8600
5160
5940
5210
9220
4520
8080
6660
5710
5490
5450
9110
9500
5570
6200
6760
5160
9100
9790
10110
6100
6790
7290
6810
6540
6640
10130
5810
6540
9610
6990
10840
7740
10310
7050
7740
6990
7220
6910
6350
10180
7340
8220
10900
7600
11770
8140
7350
10660
8380
6630
12090
9350
8290
11540
8370
8730
7940
7240
8560
11170
9510
8670
8050
11850
12630
9040
11490
8750
8140
9210
12930
9570
12240
10560
9660
8340
8350
11960
9280
9850
13370
9830
11020
13180
10080
8750
10080
13570
9420
12200
13380
8910
10270
11260
8960
12350
0
9680
10340
10270
10450
9190
0
11670
9260
180
180
0
10620
12790
12050
9550
0
11970
9550
560
0
0
9790
1240
12390
13060
590
750
110
9990
1460
13270
740
12610
1060
770
10250
1530
10250
1870
1000
13790
1600
0
1700
2510
0
2050
2240
0
1810
1700
250
1930
2200
110
110
0
2770
1840
2300
2270
2390
560
440
3070
340
3440
2330
1090
2700
2600
3590
2900
2450
2920
3510
890
1380
1000
750
3310
3250
4220
1690
2850
3470
1450
1320
1270
4430
4320
3550
3690
3290
1490
3930
1980
1400
3790
4550
4990
4220
3660
2740
4030
2440
2650
4510
1840
5320
4170
2530
5340
4810
4170
3200
5560
2040
4410
3170
4890
5120
5580
3050
4770
5360
6120
3480
2370
5190
6090
5000
4040
3250
6010
6610
5600
2680
5720
4280
6510
4200
4230
6300
2840
5900
5960
5740
7210
4810
4540
6200
7290
3360
6910
6890
4810
6150
7740
5260
6780
5130
3740
7230
7200
7950
8050
6980
6740
5760
5460
4020
8210
8140
7640
6190
7210
8710
7450
8720
6050
5860
8680
8040
4710
7000
7760
6290
9060
8910
9100
8060
9180
9200
5190
6960
6840
7740
9540
8680
10410
8980
7380
9910
5740
9800
8090
7280
9140
8890
10600
8390
6110
10200
7710
10110
11000
8330
9540
9400
11140
9180
11330
10520
12020
8200
11490
9930
7050
9070
10370
7340
9290
10010
10400
10580
12580
12480
12470
13230
12800
12840
8000
10620
0
10940
9600
9140
11100
0
13910
8220
0
10980
70
0
0
9570
11530
8500
610
460
0
410
10840
9800
380
440
8750
790
11050
730
270
12150
10030
840
8910
900
910
1670
1390
11570
2240
10360
12610
1640
1730
9730
2560
2220
1960
1530
12860
12130
10800
2180
2180
2870
0
0
2750
2510
2410
12890
14200
330
2990
3190
3190
2980
0
1000
2730
3750
15440
260
1030
3140
0
3800
1400
3960
520
1440
4000
4670
3250
3590
1560
4050
340
4320
3580
1110
2090
4540
5250
4520
4650
2240
5130
840
4130
1540
2800
4850
5220
5810
1200
5530
2980
4880
3250
2270
5140
5860
5140
5360
1460
5540
6280
3480
3630
2590
5450
5550
5780
6370
1870
3940
6650
6200
3810
3210
5920
5820
6900
6110
6880
2530
4590
4520
6780
6180
7200
6610
3140
7550
6060
4890
6550
7590
8490
6890
5220
3440
7580
7760
5310
5350
6870
6650
7190
5440
8170
4450
9520
7880
5530
8660
7220
6900
8440
5720
8270
5760
9880
7120
4840
7560
8910
7440
6140
8620
10210
7910
7690
7700
6340
9150
10580
5430
10380
6320
8880
8160
7960
8010
6930
10060
6560
5760
11060
9480
8540
11610
8640
8150
6980
11680
7590
6240
10700
9910
9090
9110
10740
9950
7100
6330
11770
11950
8360
8910
9150
9970
6360
11810
7140
9990
10830
7850
9320
10280
8580
12260
9280
12100
7650
11150
6850
12530
9740
0
10990
7140
9650
11510
7980
8590
12910
12830
0
8820
7360
11990
10760
0
13380
1070
8610
13680
12170
780
9510
11270
420
8650
0
9640
0
14080
11660
8870
2290
260
2510
10830
840
10110
600
11100
9570
12400
14880
3040
1000
3680
1080
1940
0
12810
10090
0
4110
2140
3670
12980
1690
1460
420
170
13350
4500
2560
10630
13510
3900
2010
1940
720
1030
4980
13660
3560
13690
2130
10940
4540
2290
5310
0
1370
1430
4190
0
0
2760
5150
5600
2600
1940
1860
4440
1150
290
3610
5760
2190
1120
6760
4770
3970
2660
2080
5270
1050
3280
6340
2810
2280
5680
1810
7410
5520
4260
1470
3540
6640
2470
5710
7990
4630
5980
1960
6980
2260
5940
5340
8200
6330
4960
3050
4080
2300
7620
5720
5320
7300
7850
3630
6920
2670
5910
9000
4400
3690
8020
5710
2920
6120
7540
7500
4210
9570
5440
4630
6520
9360
8720
4610
6140
5740
4800
9860
3970
8490
5980
10120
9360
5020
5530
7740
6830
8750
10440
10500
5080
9670
5310
5850
7030
8100
6830
10790
6220
7300
9550
5770
10550
11880
7800
5950
8870
8940
9990
9010
10060
9080
11610
8350
10130
12680
11900
9150
6550
8420
11680
7040
10200
12750
8680
11970
9220
6620
8490
11750
7110
10270
12820
8750
12040
6530
9290
6690
8560
11830
7180
12890
10340
8820
12110
6600
9360
6760
8630
11900
7250
12960
10410
8890
6670
12180
9430
6830
8700
11970
6700
7320
12200
9460
8960
6850
10480
8740
0
13030
6720
12230
9490
8990
10520
6880
0
0
20
0
6750
7390
0
9020
0
6900
30
20
50
6770
30
30
7430
9050
30
6930
60
50
80
6790
7450
60
60
6960
90
80
110
130
150
160
9120
6860
130
100
7030
180
7520
160
180
180
9150
6890
160
7060
130
210
7550
190
210
210
6920
160
0
180
7090
230
7580
210
240
230
180
6940
20
210
7120
7610
260
230
260
260
210
6960
40
240
7640
0
290
260
290
280
270
240
0
60
20
7660
330
300
310
320
20
270
300
90
40
7690
360
340
330
350
330
290
50
120
60
390
0
360
370
380
350
330
80
410
140
90
30
380
410
400
360
110
450
170
120
50
400
430
390
430
420
140
470
200
150
80
430
470
460
420
460
170
500
230
180
110
460
480
500
440
490
200
260
530
200
140
510
490
540
470
520
240
280
230
160
550
540
510
560
500
540
270
310
260
190
580
570
530
600
540
290
570
280
220
330
630
600
560
580
600
320
290
350
260
650
650
630
590
610
630
340
320
380
670
290
670
660
630
660
640
360
300
370
410
700
690
700
690
660
660
380
400
730
330
440
720
730
720
680
690
410
440
360
480
760
0
760
0
710
720
430
390
470
510
0
30
790
0
40
730
500
410
470
550
40
0
100
30
70
440
520
490
580
70
30
50
110
0
520
550
600
490
100
60
30
80
140
550
620
570
170
520
120
90
60
170
110
200
650
600
580
550
110
80
620
190
240
150
610
0
580
190
140
110
650
630
220
180
270
30
610
220
160
660
0
210
300
250
60
640
0
250
190
30
240
290
670
280
30
130
50
260
260
310
370
700
180
50
160
80
340
280
440
200
100
480
590
0
330
490
250
250
370
450
620
510
350
30
280
530
400
310
450
550
470
640
60
380
310
440
340
480
500
590
660
340
420
100
370
460
600
690
460
480
550
880
310
790
860
1120
870
1490
890
1160
1500
1500
1250
760
1800
1270
1890
2160
1310
1690
2060
1550
2080
1340
1800
1810
1890
2600
2930
2760
1680
1820
2660
2400
3250
2910
3000
2770
4390
2710
4030
3260
3170
3910
4670
3100
3460
3560
4320
4130
3510
3120
4550
4100
3830
5270
4130
4440
4870
4500
4800
4080
5470
5050
4490
4890
5220
4740
4710
5100
4270
5040
5460
4770
4930
5300
6340
6030
6840
5820
6410
5420
5500
6050
6580
7100
6740
5600
6820
7210
0
5930
7120
0
7790
7270
6100
9100
7520
8000
6350
7910
7380
7340
7600
670
7760
8350
7880
9660
8250
1070
7000
6880
8280
8540
2330
0
10300
8150
8870
8950
8710
2250
9670
7610
0
9050
3150
0
10950
830
2490
10000
8770
7840
9350
11310
4310
1110
10590
1880
9540
8490
3270
1150
8740
0
11150
0
10610
5070
2300
2460
3620
1510
9330
2790
5560
1050
1890
0
3210
1160
5940
12090
5000
3140
2090
10090
370
6120
1530
3060
10290
4040
12780
5730
3590
2780
960
0
2970
3750
11270
1370
4100
6860
4820
6480
2830
4730
4620
4080
11650
2360
5190
7390
7540
1170
4960
4330
1260
4550
5570
7860
7920
12310
3210
5670
0
5040
1970
6320
9180
8720
6410
6570
6470
9300
2220
5480
4000
380
5470
2500
6850
6770
4300
6680
9910
5800
9920
5880
1420
7330
3180
7730
7590
6400
10650
5770
11050
8020
7880
6030
11050
7500
6750
3730
3510
7770
8620
11380
4070
8490
9070
12370
4170
8850
8820
7550
9430
8930
4450
11850
9080
13070
9960
5160
9540
9380
9440
4990
8280
12410
5440
9710
10090
10540
9030
11370
10920
14530
5600
12810
9440
10600
6140
5930
11920
11460
11700
10380
15340
6640
11190
13430
6570
10110
12620
12260
16140
11280
12910
13190
11980
13990
7480
10970
7840
11710
13730
13470
17070
13470
8080
14500
11620
8510
12220
17460
14920
14090
14810
15170
12430
9060
17950
8900
13220
14670
14640
15210
0
12940
9640
18460
17750
9760
15860
13960
15630
10090
13480
600
19150
15580
18850
10780
16660
10650
17250
14340
16230
1980
20160
15060
19880
17430
11210
17670
12640
2920
15720
18080
15420
20310
17390
12570
18930
0
13340
15780
4000
0
0
0
18140
19840
13590
16430
14170
750
4850
20030
730
2120
14390
1030
18880
13980
17100
1130
2380
1100
1360
5200
15030
19470
14440
21450
0
2640
1660
1590
2060
19870
5770
14830
0
16060
3290
0
760
2860
2300
0
2570
17060
7090
670
4370
2910
3600
870
630
2000
4220
18010
3940
1120
2320
18320
1370
4760
4450
9470
4370
1550
1640
5040
6650
5120
10420
3200
1990
19190
2670
10830
2190
5910
5650
7870
3990
2690
6210
8220
0
6130
2640
6910
3580
4480
6760
3060
12150
6900
3140
8970
6970
3210
3360
9040
4780
7040
3280
3430
12380
8550
3350
12450
3580
7160
9340
1240
5020
5150
8850
12610
3590
3900
7450
8160
9980
4210
1820
3740
7750
8470
13550
6470
6390
9460
7940
10310
4920
14030
4480
8270
2650
7350
10180
10050
10920
14640
8190
5800
5210
8540
3480
9370
11280
5510
10890
11470
8660
15110
8860
3830
11700
7240
5920
10840
11820
15360
9200
12010
9830
4390
8020
15640
12140
6610
12370
11250
10000
8540
10350
5390
12690
10630
16780
12480
10710
13610
13120
8930
7740
13200
6330
9280
13380
17260
13000
11190
14270
12050
13570
13750
6830
17540
9600
13340
11570
12830
15240
9400
14390
13630
14560
10410
11930
8030
9810
13230
15590
14050
14990
0
10730
14970
12300
13520
15970
14290
8720
15250
12560
700
10840
11110
16520
16020
14580
9000
13900
16120
11800
12740
17650
13310
1430
0
0
10430
1820
17180
13250
14810
0
390
13000
14490
500
18480
14040
11940
3200
16480
990
14190
15510
1140
0
12340
15550
15900
4210
3060
0
1730
17050
0
1030
2590
13400
3560
4620
16680
2930
660
17560
330
3820
1710
14170
3970
0
990
540
5010
1880
14410
18220
3910
4480
330
4530
5250
860
14800
4200
18680
1720
660
2870
4930
4940
5600
1600
15070
4540
19090
2090
5380
5780
5380
15290
4990
1080
1990
5070
6050
5580
0
5140
15560
3140
7370
2590
6210
2330
6750
5720
17380
1000
5940
3350
7000
2920
2670
17500
6650
3580
2810
7650
2820
8880
7330
6760
6550
7890
3870
3570
3080
9120
7070
0
3170
8110
8110
3830
7090
4160
3450
7440
8310
8400
300
3570
3620
10580
7330
4540
7760
4500
8650
10790
7540
680
7860
3920
4000
9460
4910
8830
10930
940
4230
8210
4470
7840
9690
5180
9200
1100
8530
5950
4900
11780
8230
10060
5490
9590
1450
6220
6040
9190
5130
10030
10610
1690
12660
6340
6080
9200
9680
6710
10190
10790
5770
12970
6650
10200
7090
6820
10600
2430
11840
13380
10530
7210
6040
2700
10590
7540
11010
7510
10940
7600
6590
13310
7880
3320
14950
11350
12020
7870
0
3620
8510
8610
15580
14370
8450
12680
12480
950
9030
15970
10440
4980
9060
14900
10720
12980
16490
2600
13650
11070
15760
7770
10810
13530
9940
12460
17060
0
16160
11410
3760
12260
9000
17530
13800
11690
4220
990
12760
15910
17870
12530
9580
12320
4690
14630
9820
18650
12980
0
14230
12850
17110
5160
2110
480
13360
10390
15490
14760
2380
0
740
5520
18210
13860
14570
11700
1210
16080
18540
2980
14090
0
6270
0
1230
16710
12360
14750
3830
560
6840
1780
0
2660
12790
640
17520
4310
940
2160
15500
13230
1340
3230
2390
790
0
7840
4940
1530
16780
2690
1920
3520
13630
5250
370
8490
2190
3770
2200
14060
17550
3260
2400
5610
1030
8780
2630
2540
4660
17910
3660
3140
1680
2950
7330
10050
3540
4160
15690
3470
2190
6060
4480
7770
3500
0
10550
4010
3740
2790
17420
10990
4170
4570
5560
8750
0
4240
1160
5070
8460
11920
9350
5420
5740
6290
4860
12410
9790
6240
1640
9450
6180
6120
1950
5290
7490
6490
10480
10170
2270
2250
6720
7090
13770
5770
10770
8300
6800
2910
2860
14250
6220
11170
7640
7650
8660
7290
12250
14720
4300
11650
3590
8180
7690
7120
9220
12620
15050
11890
4800
8680
8120
4030
9010
7610
12250
11440
16510
9410
9750
8160
9340
5730
12790
14150
5380
16940
9930
8650
13200
5820
12550
10340
14540
9990
17300
10290
12870
13600
6300
7460
9220
10910
13930
10600
9540
11280
13380
0
11300
15950
7870
0
6970
16190
9870
11180
16400
8310
11780
850
14320
12080
10560
11620
16640
1500
12050
12760
9190
12300
8520
15700
11350
17580
3030
2910
9530
12770
13820
16240
14110
11670
8960
18050
13120
3420
14230
3470
18370
10420
12410
16760
3870
13730
14740
16240
10840
10100
14010
13550
4290
16550
15080
19570
10280
17440
5180
13880
12100
14580
0
4990
0
10630
17260
0
12630
5700
14450
14870
17750
510
1060
13000
6300
0
11480
6010
450
0
0
1090
1610
13660
12230
1020
7250
6930
1210
2510
820
1390
1140
14220
8500
7620
12870
1490
2700
1480
2310
2450
3730
8940
8140
2860
2500
13740
15190
2900
4860
3370
2050
9580
3150
2850
9010
14480
2490
3460
10050
4120
15920
4010
14720
3650
5670
10460
9540
14880
4030
5180
3560
16420
4800
6920
15370
5320
4000
11700
11080
6130
18270
16540
6160
12240
11690
7670
5150
6490
6820
16840
18830
7200
8040
6820
7120
13280
0
12860
5710
7570
0
7640
7630
7310
13800
8220
390
7970
6410
10000
620
13710
14160
8090
9410
1410
1380
11340
14740
10280
14680
7400
9680
9160
1670
11850
15000
10670
15770
2120
10660
15240
8290
10270
2090
12340
2480
11660
10570
15770
10740
11670
16470
2880
12750
12100
2710
9450
11950
16860
12410
3250
9770
10970
13200
16760
12020
10090
4370
17260
11530
17090
13650
12880
3940
13270
17730
12560
11900
4840
10710
13210
4490
12870
18170
14590
18890
14530
12880
5310
11300
13340
5070
15340
18750
14350
5730
0
13210
15650
5530
13910
0
480
16250
5920
7930
16550
12450
15170
15540
630
16660
1790
14820
6480
8470
17210
15750
13280
1050
2560
16220
18690
15860
16150
7320
13630
9230
18220
1650
16660
19140
13890
16170
9630
7690
2150
17030
3240
16590
19700
19130
2550
17340
14980
17320
10950
8540
20010
4080
17330
17720
15790
3820
4500
11700
20150
20590
9680
16070
4930
18960
12050
20980
4500
18870
16490
5360
10470
20440
12380
21180
0
4870
0
20200
0
490
11490
6530
430
14790
0
500
5300
0
0
1130
7340
600
940
12330
2090
16510
630
6380
3100
1350
1290
8200
1990
13160
17220
3640
6990
1570
8960
2160
3130
2170
17710
2840
13840
7990
2640
3690
4580
2390
9860
14270
3500
18630
3010
5660
3140
3330
10960
4500
9370
19040
5890
4500
3700
15560
4060
4830
4160
5270
11800
10170
4530
19780
16120
5670
6920
12290
5170
4760
4690
11390
6220
0
7020
0
5790
5600
13390
5950
8900
7360
6690
350
940
13890
12640
6550
6080
7250
1470
10470
6610
7510
1240
8990
15050
7640
15270
2550
15650
8670
8220
7860
11800
11430
2760
15850
9800
8590
16450
3340
9200
3540
12530
16370
9120
10410
8980
13110
4740
10820
13250
17830
11910
4490
10070
17580
13740
14260
18260
10600
11510
10660
5190
6110
13460
14120
14600
18530
10950
18710
11000
5480
12270
14230
15120
19590
6800
11490
15340
11760
0
6590
15790
12980
15570
7460
12480
12290
20540
16630
7010
630
17550
13400
12980
16510
17910
8450
13360
1160
22520
18240
7820
13840
14090
17330
13710
8060
18830
9080
2040
14560
13990
18860
18080
0
9060
20020
9420
14940
2660
20020
14640
15350
18520
730
10240
14850
20280
20720
16310
15620
10390
3950
1110
20010
15210
20940
21600
11140
4290
11380
20130
16920
2040
20710
21680
16110
21930
5220
11990
12090
22160
17390
2870
21310
5550
21220
16740
22670
12400
3150
0
21640
21660
13190
6300
0
3450
23610
480
0
13550
3830
6760
22620
14220
1050
1000
0
750
4300
14140
0
14730
1630
24030
4800
14420
1160
720
7870
2040
630
2050
15240
0
1020
1300
15140
8630
5340
2580
3070
2660
15970
580
1920
1980
15730
9440
1270
3640
16540
6060
4030
9680
4080
2130
17470
6420
4660
2750
4720
10380
4540
3200
17480
2590
5020
7560
10650
18780
5100
3790
5840
17970
11210
3800
5490
19240
4200
8440
18340
6360
6740
3970
8640
4290
0
7150
12600
6730
5310
4320
6910
9200
19420
13000
7690
9590
5000
7220
0
1490
5070
7630
6870
7810
9910
330
1810
8790
14850
5790
7170
8140
6120
8710
760
2230
10540
9290
15330
8160
6350
8350
7160
9270
1180
2620
8600
15740
8530
7580
6920
8680
11550
9010
1870
16300
10840
10210
3410
7900
7220
9330
11840
16640
11110
12140
9510
2500
9780
11470
8680
8020
9780
4670
12540
2860
11540
0
10270
9830
12000
4960
9590
11780
260
3370
10770
10690
13560
5330
12080
650
10990
11200
10480
4420
11370
13440
0
12560
5910
1090
310
12260
5290
11600
13480
11920
6850
14500
13120
1280
2170
7290
13570
15230
12670
14750
12850
6840
14500
2390
13890
3220
15630
13380
13310
8520
15390
7920
15760
14520
3400
15940
3910
15270
14030
15960
9050
8620
14940
16540
4310
16400
16380
4120
14850
9260
16690
16920
16330
9760
15380
15040
4400
0
5170
9690
16910
17270
15670
10080
15360
5050
10030
0
190
16730
17250
6270
10360
0
150
10610
5440
17140
680
17660
10530
6690
500
730
16080
5730
11030
0
11020
1270
16570
18300
1440
7580
1710
12070
1650
12040
520
7140
17170
7990
2380
880
19990
12630
2460
12700
2780
2560
1240
9020
2840
8160
20640
3050
0
13610
3010
3270
9370
8540
1850
13350
0
14180
10050
4420
810
3940
8940
4010
13880
3430
4240
14550
9270
1150
1300
10640
5690
14360
4270
4760
5410
14810
1870
11170
2240
10210
5080
16310
2580
8120
5970
5480
12420
2420
10540
5180
16740
0
3500
5940
8980
3050
0
6750
11590
490
7250
4230
14800
9730
590
6580
7680
8100
2480
4760
7200
12370
1530
5690
10890
15990
8650
5260
7780
8930
13450
3420
6270
11810
2290
16870
8270
6310
3490
10100
7200
14490
14100
10440
17740
3440
9380
10530
7050
14830
4480
14820
7740
18450
11580
10470
15460
11890
7700
5160
5020
8500
15460
19040
12270
12280
8610
11200
5680
16000
5880
12930
0
16660
16590
11920
9650
6560
13110
9680
0
7180
13650
12300
17270
2280
6820
10370
10040
12530
2670
14180
8200
770
14330
7040
18510
14680
8570
10610
11660
3290
7540
14750
13200
1450
19220
7630
11850
15050
11250
9410
15410
4280
12170
8020
2460
11540
14030
20000
9930
15620
4690
12600
0
12030
8830
3490
16210
16010
10450
13020
5250
340
22510
12360
9290
16580
4220
10980
5650
12730
860
14470
16980
17200
13050
11320
23990
17670
10620
15990
18160
2480
11810
6830
6420
24740
14030
0
17290
7910
19610
12890
11710
3680
560
25320
7270
8600
20180
12110
13330
15330
2220
18440
0
7890
9040
5240
14190
16550
0
12890
2940
19420
1230
5750
9970
16980
8810
14830
13350
3780
20160
10330
2720
2300
9560
6240
15590
14070
4230
18700
11070
3320
3510
0
0
16770
11850
11590
7680
5900
16290
12110
4090
380
4950
12120
8080
570
18010
12600
4650
12540
6940
17090
1090
5340
18410
5090
1440
13150
5510
17520
1490
9370
7740
18780
13120
5450
13740
9790
8040
2300
2370
0
13540
13970
6120
7300
0
10790
8920
2820
580
3410
14070
7140
8120
15570
1950
9990
11560
3600
15420
4020
1170
9280
8270
2500
16590
10390
17340
12150
8500
5260
3100
4710
1680
10770
9950
17230
17930
13220
9850
10540
17810
2690
6280
4480
12270
6310
18700
10680
18240
11050
12560
14210
6660
6760
5570
10970
0
3950
7050
7830
15000
18860
13210
5920
12250
970
7410
8110
12580
4840
19540
6330
8340
15380
12760
19770
1850
13390
14460
8560
8230
5350
15940
6890
0
14720
8450
14120
16210
7150
5720
2590
8750
14110
14910
8650
7460
600
16670
14840
3070
6160
9390
15460
7790
15230
1460
10780
15370
3750
17850
15600
8080
10230
16610
8670
1870
11140
15900
15820
17120
18470
10500
5010
9410
9310
11830
2500
18020
16570
11080
9760
2740
6080
12470
19570
18240
10670
18480
11640
17420
10370
13730
11800
8330
20650
11350
0
4000
20170
12260
11300
18950
0
15470
770
9920
12440
12450
4890
11800
20890
19900
880
16210
12870
10500
1690
12430
13260
0
5490
20390
1430
11000
13030
13720
710
17560
13820
2520
1950
11360
6490
0
1200
21850
18030
6910
14930
13870
12000
2880
750
4180
22470
2310
3240
19090
12520
16000
4490
15010
7560
0
1540
19840
4830
16670
13370
4130
15690
490
3060
16760
0
2630
5350
8820
14060
1030
16060
5080
3730
630
9040
17650
6120
3850
4050
14720
16720
1400
2100
6420
4460
4450
7270
15150
1850
10690
2580
18810
4980
15530
7130
0
5100
10990
7640
5290
2710
19530
7340
3250
15930
7980
280
5600
19880
3560
12050
3200
5840
16210
7690
8340
16460
6310
1740
12800
0
4240
4130
8240
7880
8890
2090
16880
13210
6910
4920
8360
8660
9380
4610
1410
17500
2770
9010
7510
14120
9860
9300
5670
7810
2090
5900
9660
14690
3360
0
9670
6580
8590
3780
11130
4020
9930
6600
380
10810
7230
10210
15880
9220
6880
4520
1850
4710
7630
13860
10620
11710
9600
16180
7540
4890
9830
16410
14410
6240
12440
5350
2750
9090
14660
10040
8800
16880
12840
3260
5910
9080
15090
12630
0
7280
9830
13370
10940
6290
13020
9560
7650
13690
4140
11280
17550
7950
10040
6880
10770
13600
14200
2050
4630
17890
7240
11200
13950
12830
10380
4990
8690
2610
14850
18260
5350
14230
11490
9090
13580
11380
8210
18740
16050
4160
13870
12120
9410
8540
6690
0
11870
15690
9680
0
14190
8780
5080
240
12800
12450
7500
290
10300
5540
14950
13090
9760
12910
17460
1040
13660
10820
890
8430
10470
15520
6230
13440
1730
10720
8940
0
14080
1330
13780
6650
11790
0
12280
2650
870
10260
15530
14980
2450
660
12670
12680
3970
1310
10610
8670
15980
3410
1320
0
2120
13390
17170
9600
14270
12880
4870
3980
840
13770
2900
14600
2240
0
1320
4210
2640
10600
390
15290
15260
14930
3500
2900
6260
10970
1240
5310
2990
15480
0
4940
11440
3650
17480
1550
5590
15760
7160
17720
390
11820
5950
4510
6160
7630
4800
18070
12070
760
16590
3110
4870
6550
18300
8060
16850
12460
7500
5540
3530
8350
18710
1450
8530
7380
6020
8500
4130
1760
0
13140
8880
17910
6290
8020
6530
2210
13980
720
6800
4990
10090
18710
7040
8610
9450
14330
1330
19000
9610
10600
9110
5880
3670
19410
9530
14820
10890
8390
9410
6340
10830
9750
4030
0
11360
8760
9650
11090
4850
6670
180
10130
16290
11580
9060
11390
5060
9230
11890
7140
10940
10480
6030
720
5280
16920
7470
12930
9960
6030
13720
12300
13410
17500
10370
2460
13630
8510
14070
2980
13120
9760
14590
7940
7760
14490
11140
18390
3330
14550
14940
13380
11570
8070
14940
8980
10960
14940
19120
3900
8610
16370
14420
15590
12480
15620
4360
9110
0
10090
11780
4550
9540
16290
15070
0
340
13030
14150
10840
15460
5620
16730
17180
10340
1110
13650
760
11700
15000
16120
10830
6900
0
1880
1110
18460
14180
12470
7390
18810
16180
12630
12290
16990
15130
1590
2030
2820
8060
13080
15810
17500
20030
12940
2250
16960
3800
8540
16150
2790
13290
13750
20710
0
17640
4550
20960
4990
14610
4130
9790
400
14500
17360
5310
730
18500
5820
15390
0
14870
0
10270
5900
5160
15210
1190
6330
320
16150
1280
15470
1450
5600
19770
11090
7250
15750
810
16660
7410
7530
2500
11740
6920
1200
20550
2830
16410
8210
8150
12180
4640
17410
1730
7450
17020
8620
3790
8480
12410
0
0
17360
8960
8110
12670
5180
8960
480
4160
490
17810
3310
9340
5750
8840
10390
18180
13050
1300
1110
4670
3790
0
1590
10070
9310
14010
4190
360
5340
7270
11880
9790
10730
3150
5720
14710
12180
7920
5360
1380
11310
6920
3990
15600
6590
12910
2020
9390
12270
7400
0
6910
12310
4660
8720
10480
3440
13780
8840
14400
1740
13260
7990
6070
11340
11250
9940
17630
2880
16060
6800
9330
14560
5680
10730
12030
18000
12070
6210
11200
9970
17150
4420
8680
15820
11620
13580
19440
4710
7050
9630
10760
16920
13960
13730
20230
12900
19280
7950
9980
5730
20560
17890
14920
14500
13990
12300
10810
20610
21220
8710
6500
14240
15530
15660
19060
13300
22250
15900
12150
10140
14990
21980
9690
16240
16750
0
14420
22290
23300
16700
10190
13230
300
15990
11170
23710
17440
15050
17200
13680
11240
23570
16990
24130
1000
12080
18170
14280
16090
1480
12170
24420
18470
14720
25000
18190
19040
13170
17490
0
13520
19310
0
15570
19920
810
3120
18300
0
14600
15760
930
20930
14850
20960
19180
4630
2200
16820
760
21900
16000
20690
2530
16320
23650
6820
16230
17990
22430
1780
3500
3650
22560
17810
3870
7960
17020
25320
18960
0
2850
17940
4950
3070
380
18360
21320
23880
6580
8900
26420
19110
6290
18570
4580
22060
7190
25520
19630
10370
19610
1800
28760
7230
5840
19980
20980
0
2550
11230
26570
8680
0
8710
6870
20930
1110
27010
390
12320
22200
9490
9310
3640
630
22200
10190
2340
10020
8550
28060
14140
1940
4360
23330
11020
23510
11560
28430
3710
9630
2530
5580
24510
15540
3940
0
23980
12260
5960
10390
12830
15840
0
4390
3490
640
24410
12570
13050
10820
6420
16200
530
4960
4360
25070
13350
11360
1860
13850
7460
1550
5540
17700
5390
2200
11890
7760
0
14120
5750
2690
15480
2750
12930
6090
8580
19190
520
6280
3080
15900
15240
2940
780
8970
6820
6680
15770
19900
16390
9250
14000
1650
3780
6930
15960
3790
9510
16870
7780
7100
2000
16790
20820
4550
8070
7430
15960
9940
4500
17710
2550
17240
21280
16360
8390
10210
2950
5400
8850
8270
10570
22080
18730
17750
17720
3320
5180
8570
9100
10820
3620
5840
22640
8790
18240
18070
20300
11240
5630
9710
6230
18430
4040
23700
20730
18510
9440
6550
10020
6290
4340
19170
18830
24060
9620
6850
4570
10520
12680
7050
19560
9830
6900
22080
0
0
4920
10280
13130
8130
20380
11370
740
22900
7560
20630
13560
510
10850
11800
5980
23310
14280
1500
8370
12050
9650
11320
1440
21470
0
14750
8880
8090
210
12350
10820
0
1820
13320
2420
9270
12790
640
8610
11440
0
13590
2510
9820
920
3570
14090
1700
12030
15130
1330
2780
10350
10020
1540
12410
4130
2520
0
3360
2400
11660
10540
0
2030
580
13290
5300
4130
10950
3210
260
2510
3690
12360
1070
3630
5780
4680
1000
11730
15410
3220
3820
1580
12750
6110
4740
1500
1820
5330
5040
16120
13190
13890
6600
1840
4510
5580
5960
6870
2590
5900
4740
14200
17490
6170
6520
16230
7640
2990
5080
17840
7140
6510
7010
3810
3200
8250
0
15210
7820
7490
7730
5750
17370
15500
260
4570
7830
4340
600
9250
9330
8170
9270
6730
5330
18920
16590
5700
9820
9630
10460
19340
7470
5920
6090
1480
9280
9990
10150
10620
7810
6310
0
9690
6340
0
10980
10410
11010
6790
8430
11320
390
10820
3370
7420
10870
1140
11410
11060
7800
11200
9310
7910
4000
11430
11800
12730
1580
8230
2250
8230
11770
9930
4490
12150
13130
2530
11880
2110
8730
13420
4940
12810
2990
2430
13070
9210
12630
10880
3640
14740
13670
9620
10540
6000
3390
13580
4020
13950
11580
10280
3800
15150
6880
11640
4460
10720
15790
15070
14650
4380
11020
12050
15670
12200
5360
7620
16290
4890
11470
16080
12570
12510
18610
15690
8030
5890
16700
5300
17800
12890
13100
8560
0
18270
0
13840
6510
13610
14980
17630
9030
18810
8180
17940
1100
1170
9620
7360
15130
14440
16230
1650
19410
7700
20190
10070
9270
0
14870
2560
15910
8110
0
0
10700
3380
15610
520
10190
8650
16570
880
1300
16020
970
11400
3750
17650
1170
9280
11640
1690
12490
5540
2560
4530
0
12170
13010
1900
11260
2420
0
13470
6450
5190
11800
3520
1160
13460
500
2920
3450
13960
5540
7090
1840
13830
840
3320
4190
12880
4140
6250
14550
15200
1570
13460
3970
2590
14780
4610
6900
4910
8740
14040
16180
2350
15730
14560
7710
5670
5290
6530
4010
9540
16820
0
8230
5650
15100
3310
7030
6210
610
4660
15470
10440
3900
6370
6620
1000
17930
9380
5120
11000
4470
8630
16320
9750
1740
8880
7730
6120
5020
8430
10200
2110
12280
19450
10610
0
2540
9750
9260
6870
9270
11220
6790
20590
13560
10760
770
3390
10550
9740
7320
8670
12420
4050
1720
14950
21920
9200
12630
10590
11910
15330
4690
14400
22840
8700
9680
3230
13410
14860
15990
12640
10180
12150
6280
3630
16300
9720
15640
0
14440
12780
4200
17020
16100
11530
13750
7170
13180
10830
720
5540
16670
15350
11170
7600
18450
1830
12720
14900
15840
6870
17260
15970
11970
13050
15270
16150
9030
7370
17530
16310
20130
3340
13330
12390
17880
16570
16630
9520
7810
13680
3790
20630
12890
10070
16320
8310
14150
17560
4630
13580
18710
0
16800
14680
14070
11000
21700
18170
9040
19320
15130
14400
18420
22060
11660
5750
1450
19720
17890
15490
11260
22460
14860
1890
20120
18160
19710
12280
15960
12660
6950
15410
2650
20380
12690
21600
23550
7330
15960
17260
13090
21940
0
19750
3300
0
16200
7880
13960
250
18090
3610
710
20340
0
13940
0
3880
8660
1060
290
14240
970
1800
4140
15260
0
0
9180
2210
1660
1080
360
5300
2710
15150
16010
2470
2090
9700
590
1500
1520
9860
2500
3380
1820
3350
16140
6820
1480
10290
17500
2020
3620
2270
3860
3820
1820
10640
7450
17260
18080
3890
4340
11090
4570
3500
7990
4700
18540
0
4190
3140
11390
5080
4020
8340
18820
260
5130
3390
4510
6260
4240
19300
3800
9130
6080
12420
1000
5970
7000
19710
4760
6500
6020
7290
9840
5200
1420
20210
6430
5210
14200
7020
6660
5500
1610
8060
20880
10520
14670
5790
7130
1830
7070
7490
10860
0
15090
6000
2150
8850
7480
7790
6850
6270
2680
11350
15890
8020
9010
9490
840
7320
6540
8570
2920
8230
11790
16310
1050
7690
10050
9470
8900
6960
8670
12200
1550
3650
8220
17720
9990
9300
10730
13280
4160
2300
8320
10200
11010
10950
0
14010
2850
10400
10000
5220
11390
10790
9210
11600
1240
14610
3250
12030
5820
9460
14790
12130
11440
10920
11320
3760
2330
12630
6220
12590
15230
11850
11390
4220
12600
6680
12960
10960
12260
0
3110
13680
4690
12400
13140
7180
11260
12550
3540
390
5010
14200
11440
12880
13620
600
14610
3980
7750
14100
13960
14870
920
5760
15240
13270
15240
4790
1240
14800
12880
6350
13820
15070
1580
16250
5160
16240
9640
16160
14910
5890
7440
15780
10250
3110
17660
14430
16630
17150
0
6800
0
8140
17180
14990
0
18770
4350
720
11190
930
15470
0
7670
11560
1110
10990
1260
15760
20060
260
8020
5370
12080
1020
1590
16250
8360
750
12600
1370
3000
20720
12090
6360
2330
8770
1270
0
1790
12420
13130
6940
1950
1740
400
5710
2990
0
13630
7300
2270
5960
2210
840
11100
280
13840
7680
3610
2680
0
6360
700
14270
3070
8060
1870
12020
6770
1010
3330
4120
3600
2330
3690
1010
15180
9080
4910
7580
13360
2060
4110
15710
4920
3030
5350
1790
2620
8330
9970
4730
16260
14430
5810
6180
3310
4400
9140
5190
10720
15010
17060
3040
3800
6540
6650
4930
5760
3280
9640
11320
15710
4060
6890
18130
5250
3630
10090
16070
6410
7700
7330
3920
5640
16770
0
10460
5450
7080
12750
8080
17780
9780
4870
5790
640
11300
7130
7580
13360
5070
18250
8590
1340
6520
12610
10970
5450
9190
8190
14340
19260
9280
7130
11670
0
6250
9680
2530
14650
15670
9760
12220
2940
14980
10230
7930
1420
7740
10800
12760
16680
3500
8280
1860
11210
13290
12560
10780
16170
3850
17530
2320
8910
9740
12040
13560
4260
17100
9270
18090
12350
14000
3330
15310
10470
12720
10100
18130
4940
0
12810
4570
13660
15450
20120
15980
10960
1350
5930
13800
12250
14350
5640
16740
21490
12360
14170
7110
12910
16820
2450
15170
6710
13150
15050
17820
8220
22720
17850
14390
4370
15790
0
18190
13660
8840
7570
0
23470
4780
14670
18550
440
18610
13890
9690
0
15060
19240
310
7900
5240
10550
340
18870
1010
14070
19780
10790
8450
5800
15680
850
19160
11230
1090
21210
14760
16170
9330
2040
1430
8110
0
1570
12070
16050
2160
22930
2800
10830
17630
12270
1910
16470
1910
2990
12570
2460
0
9220
0
11770
2300
17250
9530
4240
3400
13220
2940
600
12090
410
9900
12330
4700
0
3690
4100
10130
1190
1250
12700
5110
470
15080
4600
1510
4300
13150
1940
10940
790
4540
5960
15530
4750
2310
5940
13760
1170
2760
5650
6340
12590
16100
7010
1670
3260
7280
14880
6820
6210
4460
7170
3690
8180
7880
2370
16880
6630
13910
5040
3970
0
8310
15990
8500
3320
9270
5930
7370
15400
5010
10330
9140
17210
3610
15620
1030
9550
6450
10610
7870
9570
9910
4070
11040
18070
6820
6230
2100
8360
16600
10300
11440
10220
7210
18390
6560
4560
8760
16970
2660
18870
10810
6930
9120
11050
17310
7960
13350
0
11390
5750
17590
8370
4150
400
13860
10320
6110
11900
17820
8180
8850
850
12620
4600
10860
12210
18070
14470
8710
11100
6940
9450
13350
18740
2630
12980
5840
7470
9150
11840
15390
13700
3040
13230
7650
20080
6250
12500
10500
3400
10120
8090
16120
14120
7030
12900
10960
0
14900
8430
10530
3950
16840
14790
9170
15370
14160
11730
10910
1000
7840
4790
15380
14530
12080
17730
16120
8250
11340
10220
1750
12350
15890
5490
14880
18420
11800
10630
8840
16830
0
2270
0
12950
11040
9260
0
6060
2680
17810
750
12920
11500
13880
2970
10210
6740
1150
1400
18330
13730
920
7180
3610
12150
14570
11610
19340
1990
14190
1280
2200
3970
12450
19670
15360
12130
2580
8300
1760
13150
15170
2780
16030
5100
0
13090
3130
4360
9370
15690
0
3070
5470
0
13780
1260
550
0
3420
5940
6190
550
10220
1740
15100
4750
6320
3930
670
6630
1120
10730
2490
930
2130
4430
1450
5540
6980
16360
11250
7140
1340
16860
2090
7500
5960
7850
3980
5940
11990
6350
3900
2010
8610
17880
5210
12870
2740
4550
6890
9000
7710
2740
9770
18370
9240
7480
4140
5880
14160
8620
3490
10370
19390
5790
10150
8870
4080
7340
15400
10120
7460
9900
5880
11580
12380
21170
16550
4730
10810
8520
10690
12520
6620
9200
13310
9060
0
11270
7050
13200
17170
6600
9360
13780
10210
11810
640
13650
11810
14150
17820
7460
12360
9080
1250
10420
14240
11940
12410
7990
15350
10990
18810
10190
12840
13270
3080
12700
8810
15220
11510
15950
13760
10710
12940
0
14360
3850
14180
9760
16820
16020
11450
12860
1390
4370
17140
13780
11820
15160
11020
15220
13210
17070
2200
17640
12090
5820
15890
14290
15730
12210
0
18940
3240
14150
16680
13520
6930
16710
15230
13570
660
17100
19690
7320
14470
17530
13960
7940
1040
7800
16560
15600
20050
18150
8290
14990
17010
18550
16090
8480
20570
18800
2170
15050
16500
15710
17610
9010
9100
19130
2600
17020
9490
18060
16140
0
15820
3150
0
10300
0
18500
16610
430
18000
350
3670
10490
17490
380
17000
790
18400
11660
840
860
4360
18230
22960
18970
12250
1560
1740
12820
1960
18260
19510
6220
2030
19710
24050
13220
13630
2450
6620
2610
2440
19320
20060
13680
14290
21000
7070
3110
24900
0
3530
6580
20560
15210
0
3420
8190
15920
25460
4050
8670
1350
15660
730
16480
0
7330
4490
4510
1180
9290
430
17260
0
7760
17870
4980
1640
3050
8380
10110
5620
18290
2180
1880
2120
19610
6050
10410
8710
6090
2320
18890
3730
6400
19940
3660
3280
9220
6590
6720
2770
20200
11680
19420
6910
4080
3690
9630
7030
20640
5410
7270
4340
20160
4260
12660
4360
10040
21260
5760
20740
5010
7980
13100
7750
0
5560
6210
5530
11050
13520
5830
21420
8770
6130
6650
11850
21780
6620
6260
11890
7120
1340
9350
14480
6180
12330
6750
7090
12610
14860
7620
22480
12830
2480
11060
7640
13090
15450
7210
8190
22940
13180
8470
2930
13380
15950
8600
13640
12280
3270
8320
8660
23750
9110
9000
16800
14040
14340
8920
3700
0
10200
13540
9470
0
14500
9680
4300
10550
9880
10460
440
1450
14090
16560
4530
10030
15380
10990
760
14510
15590
17180
5030
11740
10650
1140
11430
15700
14880
10840
5370
2700
17670
15880
1530
12420
12090
11160
18110
3150
11800
6410
16740
12480
15840
18310
2430
11510
13070
12340
3520
0
6930
16200
0
2830
13470
13200
7330
12260
390
400
3240
13160
0
7650
4310
12740
800
14080
3800
14720
13570
700
14520
1430
1250
8450
4860
4390
13420
14170
15520
1290
5310
9020
15090
1940
2760
5040
14740
16160
1910
9670
15640
2380
6100
3320
16620
15380
2270
15060
0
6370
6200
10200
3320
250
2740
3850
6610
17970
3780
16410
16260
7370
11100
7070
4160
18440
1210
4610
17060
11580
8080
17300
4010
7750
5220
1750
8480
17660
4650
4480
19240
0
12740
2350
19810
5850
19760
13320
9350
9270
5590
5930
920
6370
3560
0
13900
9790
9880
21260
6860
350
1790
10210
4220
8070
7620
15000
2140
21970
10780
10770
8190
8220
2610
1540
0
9010
15720
11370
5310
11390
590
9010
1990
9420
3100
8970
9230
11940
0
5800
1310
2520
10110
10640
6110
12410
4130
490
2070
10470
11220
12840
4580
7270
2520
10410
13300
4110
11590
1220
4730
11390
10750
3090
14230
4790
13670
12040
7810
11780
5120
2290
3670
13980
12300
5570
14830
11700
8580
14120
5980
4340
3120
15310
14680
9020
13160
12250
7000
14390
7020
3800
16200
5570
15850
9730
7320
14070
8900
12930
0
16200
7570
5240
6240
18510
14590
9890
10330
16660
760
8100
13560
10280
16880
6340
1240
19210
6870
8610
15310
11480
14290
6710
10880
17660
15790
12100
9290
7460
14820
0
16160
2440
12620
7820
9810
15070
11750
0
8930
8200
1010
15410
3530
10660
12420
15700
9500
1470
18810
10910
1230
0
4360
13910
8660
11220
1670
10100
13300
590
19670
14470
3770
4850
2300
1140
12730
10050
11690
1390
2700
0
4590
15630
10350
13000
14380
5760
2990
12440
1810
10640
15960
680
13480
12730
3590
5440
2330
15340
16760
11230
6570
0
5910
15930
13170
2110
11730
3240
4290
13460
740
6430
17780
7430
12270
4780
16820
14100
3270
4080
1260
8030
5240
17220
1650
4580
7360
3810
0
14860
12950
8420
17550
4900
5960
4310
15340
510
2440
13370
10040
8390
13750
18260
15880
6800
5090
5640
2270
3380
16290
10700
14290
8940
18810
7300
6110
5740
2790
14860
7810
19300
9530
6250
4200
6580
0
11770
8280
15400
3860
10270
450
6970
6800
12320
5240
4440
15950
9790
780
20250
10860
7290
5120
0
8420
7870
13490
1240
10310
0
8910
14070
10730
7840
11420
8900
820
2130
1160
7460
11160
11830
10530
9970
15220
9120
1720
2900
1720
11870
15580
11330
9010
11620
2070
10760
13140
2550
12040
11920
9540
2690
17250
12990
11290
4070
3860
12530
12440
10210
3190
14740
4440
11770
13670
18710
13340
3680
13110
4820
11210
16220
13010
13600
5770
19980
14560
4340
14390
16950
13830
5870
12650
6280
20330
17180
14660
14270
14330
6160
15250
6290
5820
17510
13480
7000
15130
21020
16170
18000
16190
13830
16110
7000
6150
16430
16320
0
14270
7660
0
6990
310
0
640
8230
19220
9180
17210
18230
410
8460
9600
8670
15280
1770
17760
18810
8900
3470
20740
1170
11790
9540
18860
20050
2880
18500
5550
18790
19460
14220
0
3570
11110
2690
20690
7090
11570
11100
4350
15000
20130
0
21390
7380
3510
12500
15430
12320
700
5260
2790
8030
22380
4430
21290
990
16350
22630
6090
3430
13670
13430
9290
1480
21740
5050
14850
13970
17270
0
5030
9850
6790
5730
14310
2390
15190
22660
570
10400
7820
18460
23180
15470
7480
15000
6900
15860
11500
3800
8690
19620
7380
1470
15500
8750
24340
20240
16610
16130
12450
9800
4810
9290
8760
5260
20510
16590
5420
13850
9650
9280
0
17690
11400
21720
9650
17490
8210
12470
8420
14970
1660
7460
18460
14410
22730
19810
10840
13600
23100
7840
11140
9640
0
16700
0
13910
17310
4720
16910
0
2010
11140
9330
1290
12250
17950
15680
18020
5450
3600
12020
10000
1340
2670
12850
18890
12650
19430
16950
10630
2500
4260
7390
13070
3550
19840
13460
19540
11360
13560
3900
8090
3910
14090
5660
18640
21130
20780
11870
6000
4280
4260
14570
14140
21530
8800
19340
21670
4990
12710
6760
5300
15300
9230
21960
19720
15170
9570
22340
22540
13570
6260
16360
15460
20760
8540
8130
22770
10180
16780
21110
14490
8890
23700
8600
7570
21630
23350
10890
18020
9020
17880
10430
15420
8040
24840
24620
11400
22880
10790
18320
15800
25260
10210
11820
0
8910
18910
11490
26220
16570
12330
12410
20440
0
25930
1130
28250
11120
12330
350
13270
21230
13320
17280
13550
13110
830
29260
0
11690
2350
21860
13880
17800
13970
2690
1330
11950
22340
13700
29930
13780
500
14560
22680
0
3740
14580
18650
12790
2130
14240
1000
23060
14960
19020
820
14940
13220
2480
4580
14580
23470
1270
0
5080
23600
3700
16010
13990
2390
1550
16100
310
0
16290
2810
2010
16010
4320
16530
370
14750
610
16640
6030
2280
16410
4850
16870
1030
1150
15580
4510
17070
17790
1360
5300
16910
3260
1420
16040
7080
1610
17880
3600
18810
5790
1750
6240
1890
18100
16460
17540
7620
2010
6670
2280
19640
4290
16940
7200
17860
8190
2810
4610
19270
7220
18290
20370
17910
19580
2880
3170
8600
8190
18410
3380
9180
0
5510
0
9370
19050
3780
230
9610
4260
19660
6710
0
9240
970
4270
10290
10790
6430
1700
21900
4580
7240
930
11530
9680
12080
7160
2910
0
5100
9990
7460
12620
1460
260
9680
3290
13070
10320
8090
500
5640
12990
1860
10040
3830
3730
8400
13510
10700
10480
6030
2220
4380
10810
6360
13830
1830
2750
4800
11430
9380
15240
11070
14300
4870
5250
3190
9880
2810
11450
5150
7320
10230
14380
3950
16060
3330
6040
5450
15350
12570
16420
14840
10710
4530
5710
6420
15750
4680
12970
8660
6190
6710
16980
15370
5070
16150
11530
5200
15720
7240
17550
13760
7020
5710
9610
15950
16980
14290
13320
6260
10110
8290
7050
18670
13610
14750
17940
7400
7280
8360
18350
18180
19350
15420
11220
8630
14410
11230
7880
0
0
19170
11730
8710
0
9300
15860
13350
8500
19760
840
9870
1350
12630
9380
750
20070
16270
13920
9130
1370
16680
1300
2490
10580
13470
9910
14470
0
0
1780
10970
3080
0
10240
2480
11050
2020
15380
1020
10570
2840
12000
760
1210
12350
6320
16320
2740
1310
12050
13950
3760
12930
2040
2730
7100
17310
4140
12610
2970
16160
2190
4900
13130
3130
4690
13740
18040
9070
4060
2880
16780
3830
5720
14460
7030
19240
14100
4700
15020
3750
7490
19520
17970
10350
5350
7160
15780
14870
7900
5360
4280
11020
7810
20850
4730
19220
6420
11380
8210
9550
16030
21290
17010
8220
11760
20640
7420
5820
10290
9090
8850
17820
12570
22280
17550
0
11090
12820
6420
9570
8200
17990
22940
11480
610
9580
0
18320
8840
7360
0
15340
1250
10220
490
12450
9340
8110
15740
19490
10790
12870
1110
1260
11200
10470
2060
0
11740
9500
1610
11520
16880
2350
14220
2450
11050
2780
10520
2300
17530
890
11460
12260
12870
15610
3200
17780
11750
13170
1240
2940
12650
15880
3630
4020
11250
18520
3230
12240
16280
1730
13090
4260
11950
3670
2140
5110
15520
19080
17400
12730
5550
13550
14680
15930
19540
4560
5780
3470
17970
13520
15400
5100
16810
6380
7030
14310
20370
4570
15890
6320
15060
19090
8230
17840
7660
4970
16320
16580
21440
19740
7140
9370
15560
18430
5800
8460
17100
20230
9920
22530
17990
9220
8310
7960
0
19180
22860
17770
8650
11110
18280
500
18590
8770
20140
9790
18980
19060
11810
0
19560
2040
9470
9780
10590
0
20150
19790
12680
970
10290
9770
20300
2710
720
11790
2040
10680
20970
3110
11340
15000
20740
22010
2640
3140
12630
13060
0
15900
12290
4540
21900
3670
3670
16500
4780
13650
0
22890
920
13730
13320
4580
4430
0
14270
5790
14600
17630
1180
14330
1800
15040
580
14820
5260
6370
5990
1950
18650
15400
15390
1040
6850
6640
2650
16210
19650
7020
16810
16960
3920
3010
9040
8050
4040
17150
20620
17450
7480
3460
9460
4460
4360
8720
17960
21210
18490
18190
4880
8460
5360
21730
19120
11060
9620
4670
5300
8890
19710
22390
19220
5710
9260
19260
5140
6170
12440
10870
0
20510
6450
0
10580
6490
7200
13100
20530
11530
640
21640
7310
20820
770
7520
7260
11450
13900
12440
1660
7610
0
2070
7920
0
12100
8540
14330
2600
9240
8570
630
14450
14730
9260
1640
12730
3690
15080
9790
3300
3830
9260
1460
15620
3090
13390
9790
10400
10660
16320
4730
1990
13880
4740
16370
3920
10520
17210
14290
11430
6740
2880
10930
17080
5930
4780
12010
15040
17520
13220
18690
7870
11990
4030
5690
7030
8300
19290
13550
16130
6280
4530
13100
19060
15590
8780
14260
7810
19970
6600
4990
14010
16950
8090
16820
19970
7030
5390
20280
15140
10200
8400
0
14580
17350
7510
17630
6070
10700
20760
15970
15160
21230
9390
860
7040
11640
8810
19010
19000
16480
22160
1790
9490
19740
10790
8070
17270
16490
12990
20780
11110
23590
2500
17870
10260
8620
13330
20240
24010
17630
11660
3330
0
11070
0
20940
13100
18130
3710
20110
370
14600
9680
11980
13590
810
820
15060
21970
4340
1220
0
21230
1290
10870
13010
15430
14590
4820
22520
15750
21530
2340
1710
500
1910
15120
13540
22940
2690
16160
12250
5590
22340
15610
0
2150
22770
14770
3960
3510
16850
1010
16650
14570
2910
4490
0
7120
15280
15050
1590
17980
4780
17520
5020
15730
770
2020
3710
18510
17970
5320
8060
15780
1660
1870
16620
4030
8460
3150
5600
7090
19320
19760
2190
16140
3620
4660
8990
17720
19970
19920
6560
2540
5090
4310
9350
8240
7040
18370
16800
3110
0
9800
5790
8800
17210
0
18850
5430
7900
3880
10480
650
19240
18430
6970
8510
1620
10250
10830
0
4650
1130
2220
7510
19280
530
9460
1390
11490
6890
11080
5400
7960
9980
19830
3770
2170
11500
1140
12640
6270
4290
12020
8000
8680
10910
0
1770
6710
3480
11530
9210
8550
630
14070
7170
5430
13430
2480
9800
12130
4630
7750
3080
1390
15020
6790
14390
1740
8340
9730
5780
13790
3650
10770
7580
8620
16130
2250
15710
14750
10700
11490
6740
15150
17070
4590
9930
11810
16470
3490
11210
7140
9130
16920
17610
10410
4100
12140
5520
13090
7840
9970
18110
16330
18740
12070
12830
16650
5560
9220
7120
14320
11420
13260
0
12500
19190
6230
7800
18820
15370
19650
13000
6780
12140
820
13040
0
8400
15590
12670
7210
13730
21140
15790
13540
560
1540
8960
15950
14390
7630
760
13990
23300
17190
16340
13590
2350
0
9730
16280
8910
1360
14650
17690
2880
17010
10290
1700
14670
2240
16930
3350
17510
10490
15650
19230
11390
2810
15790
3990
11030
0
16450
19180
4390
16470
3900
660
19670
12390
11920
5450
0
17530
6120
20160
17400
1490
5580
5880
610
18380
13820
17990
6320
7390
13570
0
7160
14520
1340
3290
19460
7850
19720
7280
910
16060
20070
14930
4410
8400
1370
9070
20620
2970
16840
21190
9360
16480
17740
5340
3240
23250
9640
22160
10080
4750
10840
6260
17940
24470
18530
10730
4740
11750
11310
23420
25660
7570
20370
11670
19930
7660
12610
0
5890
27550
21180
13260
8840
240
21300
9120
13070
12820
6580
9440
0
0
13460
22560
1910
10350
270
530
14430
7500
10260
13940
23340
930
15110
10960
3070
1220
11440
16260
15700
15650
1480
24880
4090
18400
8880
16220
2050
12230
16220
12160
0
4580
2650
16900
9740
12890
2860
19240
17160
13420
2210
5650
17780
10740
3670
3660
13550
17990
3540
18180
20300
4170
14160
4150
15100
6750
18650
3990
11720
19140
20910
4650
15550
7180
4810
4520
19360
15270
12190
5030
19660
21430
16020
5300
12530
15680
5210
5590
20100
20100
8100
21990
5730
16160
5900
20640
17580
6130
22330
20650
8650
13570
6210
6560
21120
6360
18230
17960
13940
6690
9190
0
23150
0
18810
390
6860
7120
7470
9810
14570
18800
500
690
7720
24240
19400
19220
15020
8250
7800
1250
10870
1970
19870
15450
8500
24900
8800
19750
11460
8520
8940
2420
20770
3430
16310
25700
12080
9080
2830
9940
9470
20730
16780
26340
12560
10030
9690
23480
3410
4760
17360
21430
11280
0
23990
17700
13720
0
10890
4950
10480
5780
490
12120
18130
14370
10960
12480
5390
1530
18610
11620
25710
1290
8080
11480
12970
15210
25950
0
8940
2220
1940
15810
12470
13910
12300
6760
9640
2360
29090
670
13140
4370
12950
14620
16490
7380
0
16870
4810
2990
13790
13590
7970
1200
10910
380
17440
14160
15940
5560
1580
730
3690
8590
14690
17960
2080
16620
9620
16210
0
12810
17420
6840
16030
3100
5140
10600
13240
3250
920
0
17240
7640
5770
16990
4090
1820
12150
4560
14450
6560
0
930
18730
2410
4970
12790
9450
5120
1840
19080
2320
15720
5940
8140
3300
10420
13830
2570
0
3090
6580
540
14510
11490
3770
9780
7420
3680
6040
20530
4140
1630
7730
12210
4460
15690
11430
8770
21890
7330
5540
12720
16320
5160
9360
3440
9400
22400
8030
12380
13160
22910
18750
10420
7730
4370
10300
12920
7590
14760
10920
11190
14200
11380
20310
24350
8660
9210
6550
12300
16270
7030
12700
12680
9660
21740
15460
25490
13000
7360
10220
17190
25910
13470
13670
22980
7840
14030
12810
16590
11230
23560
13400
19100
27340
14860
16230
14960
11830
19540
9200
17640
14310
0
15570
28330
16310
12870
17370
9650
20290
19100
29430
17240
2090
17360
18720
17770
21340
11230
14220
0
17990
20580
19330
3180
18200
21700
690
19100
15480
21420
18660
20310
18820
12070
4880
22550
1730
20210
22880
17150
19620
19690
5770
21740
20660
13020
23720
2690
23550
21000
6360
20470
18860
22670
24210
13700
21710
21660
26140
3550
19440
7520
23240
21230
0
4320
20570
0
22840
14590
8240
22900
24200
22420
710
5290
15260
21500
24690
1130
9240
23690
1140
23460
25150
5950
16200
23120
24640
2530
1680
25710
0
10420
2050
7180
26090
23890
3770
25630
17360
0
26360
4090
25850
940
4220
8110
26770
24930
11980
18150
4790
1050
4730
26630
27330
1760
8700
25510
18630
12820
5690
1910
9170
2970
27370
5720
0
26690
13570
9630
6750
2670
0
20100
4460
0
6380
1120
14350
3150
12340
7590
1190
21080
2090
7160
590
5390
15380
4600
13100
2620
9030
7800
6200
2880
5440
1720
16340
13890
3480
9680
22580
9030
6930
3940
6990
23570
11660
17340
2810
4800
15290
5200
7690
10820
12980
0
18100
5630
8320
3610
16640
6110
8760
13580
11730
19170
1030
8070
6990
17880
4850
15000
9330
18210
13850
9100
20820
2080
11010
10360
5830
15860
7940
19280
14970
21900
10550
8360
6360
11910
16420
11910
15520
2990
9000
23010
20920
12370
7170
13160
17820
11390
4160
16690
24500
9710
21500
13630
8100
13950
19200
12550
5010
10430
18040
25450
8570
14120
23650
15040
13650
26110
18930
11340
14800
24310
6060
20520
19100
9560
16210
14990
0
21980
0
15930
7650
12640
19840
10560
23040
960
17710
17220
15640
1270
13460
9730
21030
11570
23510
1390
11030
18200
16420
18920
2070
1820
14560
21990
12230
24660
11830
17260
2740
19920
19500
13040
16140
23170
3690
25450
17750
3520
12780
20950
16740
0
20920
0
18270
4790
14870
21420
4420
340
17670
1710
22060
19030
14390
15480
22130
6330
1310
5910
2470
15160
16480
23140
18640
19990
23670
7770
6700
16140
19130
24140
24320
3290
18000
4240
21120
19640
7260
8980
0
21560
4720
17310
4660
19250
21930
26230
9980
8120
17830
20770
950
5680
5800
27480
22790
10740
18420
1440
20670
21430
6210
9190
6370
1930
22070
0
11650
0
21250
18920
6910
9660
6850
2160
260
0
660
12090
19530
7420
10300
21690
2710
7530
12690
1040
820
2880
11640
8390
3200
20510
23020
1040
13580
8420
2300
3740
12690
21380
4340
14300
9330
0
1970
2940
14840
13770
4910
22600
9540
10820
1270
3120
5820
3820
6310
16160
11440
10550
24070
14490
2100
4200
6580
5220
24580
11310
7230
15170
12260
17600
3130
5650
7770
11920
15660
0
12770
6250
7710
18590
400
12900
6300
4150
13330
8920
16360
8630
19150
7690
9380
6830
13550
1230
13900
19900
5000
9880
8500
18760
7920
10150
14610
14370
3320
9950
6340
21100
19920
14970
16210
10840
11180
9980
4700
10790
20530
7040
16980
11620
22630
10650
16300
5470
17470
21310
12230
11760
12680
8480
6020
11940
21960
17180
23900
18690
12400
13010
6450
0
13610
13070
13280
19300
10710
18630
0
14080
13690
700
7560
480
14790
14040
19240
14070
20250
15150
11960
1570
1320
8580
20170
14790
15520
15410
21040
12550
15820
9090
16080
2460
2280
12990
15850
16290
0
15740
22610
2860
16530
2690
9960
13530
16770
16260
1010
23240
16640
17420
10960
3980
17630
4840
14420
17070
17030
0
1830
4510
11650
18090
5570
17410
530
15110
17790
5300
12160
18540
2870
6430
18980
15960
18600
1310
19220
6560
12920
0
7580
3870
19790
2210
17120
20750
20410
7360
20200
13910
4560
9010
1050
8060
18150
21340
20910
3330
21100
5110
9660
14710
8530
19350
1740
22060
22180
22100
10170
5850
16040
5460
1940
10460
9240
16410
22690
0
20060
2440
0
6160
11000
16830
7410
910
10030
0
21080
11470
1150
7530
3340
17830
8270
21730
11070
910
12080
2310
9390
1980
18890
4330
2220
9390
12850
12190
3350
22980
10550
3650
20200
6110
13420
3300
13130
11030
4470
4790
24530
21410
11620
4260
8430
14470
4960
15270
13430
12690
0
5560
15310
0
9220
5490
5770
13510
680
17470
14780
6390
16320
10870
6420
1000
15700
2130
14820
6550
7570
18710
15670
1800
17370
11860
19560
8800
7770
17060
3210
16470
18830
9340
3640
14480
4750
20850
18980
4260
10600
10510
18300
20530
15540
19400
11190
5300
21430
11000
11310
21050
16040
4970
11790
19300
6110
11780
20200
21650
11530
12290
23220
19770
16730
6720
12480
11940
7310
20880
20180
0
7080
17340
0
13570
12430
12890
7710
21390
490
13990
500
21620
8120
13340
21890
7900
13140
18380
14440
1000
1160
9120
22210
22820
8620
19270
1640
15840
15180
13990
2380
9980
23120
23460
9510
2850
21490
2190
15780
14850
16880
3450
16250
10070
24950
21870
0
10500
15560
17340
3350
25290
10780
390
16840
22510
17690
11540
4130
3750
25610
17190
17030
1010
11460
23040
0
17560
1340
4750
12260
17470
18300
12230
4430
17920
23630
17680
410
12560
5290
18550
1980
4920
23980
830
18590
13280
13120
0
5860
3130
18630
5830
13460
20720
2060
19760
870
13960
6600
21300
6790
19900
4280
2510
14630
21850
1700
7340
21520
15310
5010
3460
20590
9180
9090
3860
22320
22860
18510
5770
3690
9440
16400
4160
18720
0
9910
21670
6110
4480
16680
10210
380
0
4970
17110
4730
0
10600
19310
10820
7370
1120
5530
1460
5520
11320
11670
18240
8290
1400
20340
3050
8650
2880
7270
20640
6840
12460
12360
2160
19610
3920
7710
7520
21480
4020
14350
13670
10610
20090
8350
0
4550
8520
3410
4700
11070
15070
20640
660
15030
9280
5960
5880
9770
4750
11910
0
10050
16290
1770
16270
10850
7350
6840
13960
10790
6040
1230
17320
2950
8100
18060
12260
8380
7240
15070
2700
17990
13050
4720
19210
10100
13380
8140
3770
9290
18670
13900
14410
16450
5530
21060
9030
11320
4730
10350
6170
14910
20070
15830
11820
22160
17910
10380
7220
11430
15760
18630
12780
16560
6110
22290
11550
23550
16780
8540
12770
13230
19680
0
12240
17940
8450
17650
13740
9130
13720
20380
18240
9040
14290
13140
18580
20880
0
1360
10550
14480
14800
14170
10500
19570
19170
21950
2270
11630
2230
14800
11620
16400
0
20230
16220
16620
21170
12920
3010
15230
4360
12920
670
22230
0
17960
17200
13560
16400
3740
270
13490
1170
5950
18650
22860
17790
4370
17200
1420
14540
3290
6640
14960
19650
18480
17690
25270
5460
1840
3810
7040
15570
20610
19210
16970
25810
18320
6080
2350
21240
18760
5280
16430
8720
6740
18090
21330
0
3190
19230
6150
22010
17360
21810
390
18770
7970
10060
20000
4230
17820
570
22850
22370
20020
860
4630
20380
18200
7160
0
9220
23470
10910
5360
19060
20900
21720
2100
7950
9970
840
11620
6680
21490
20710
25060
8320
0
11820
10950
7430
3520
1880
0
22260
12520
9180
23250
2070
12480
710
22620
4360
3180
8610
23860
12900
13420
10400
3840
2990
23770
9430
1960
6830
24810
13470
3140
23890
11120
14590
5240
14110
2870
10590
3680
26070
7820
0
12090
15470
15430
11750
4600
6120
4770
26940
1130
9380
13390
16230
5300
12850
16770
10350
7070
1960
0
5680
14450
17080
7400
17790
14000
11250
7140
2790
6800
18110
14450
8460
1820
15640
7900
18640
12010
3570
7940
15980
18780
9000
15310
2950
19180
8470
4880
8680
17330
8900
19690
3510
19750
16850
9850
5200
12930
9230
9490
17850
3980
20270
17330
5560
13370
20430
10450
18370
10210
4530
10020
6100
18210
21310
10580
6310
21930
5060
11630
19470
14590
21420
10990
11380
19180
15450
20060
6100
11470
22680
23890
7250
12750
20020
12930
0
12030
0
16450
6860
21140
8550
20930
1030
17590
2580
13870
14450
7790
14670
0
9470
22630
1730
8250
18740
15300
14840
10420
15910
1250
4420
0
2490
9070
20000
16990
15920
16770
11010
550
5850
2930
9730
20870
11410
17490
2350
6630
1850
18030
11830
17070
10420
18010
21340
4320
2240
3190
7540
12730
18740
4820
18140
3050
22200
11740
4530
19530
13680
9040
12300
5780
5540
4260
19520
20400
20310
23570
14440
10150
13380
20190
6180
21200
7080
10840
21570
5400
0
14000
15910
6790
8400
21430
21830
5900
17760
1110
12400
9300
15450
0
7710
23890
22430
6560
18600
9650
360
2080
16180
13070
7780
19640
23350
25230
10960
2590
1080
13900
10290
8210
17140
0
20730
12470
3460
8690
1550
10930
26280
0
15210
12760
560
18680
26790
9700
3980
11470
2450
740
13730
19260
16040
10340
4580
1520
3380
0
14900
20210
5090
12880
1900
4000
2240
17270
11670
630
15690
20810
5820
6020
13800
2750
18380
1240
3600
16840
0
13330
6670
1690
20380
6770
4160
3590
14530
17980
880
7030
4570
7510
14360
18380
14870
4030
3060
7990
22110
4960
8210
15000
15320
19230
8260
4860
3670
2100
8590
15670
5700
23560
5220
4000
15860
20270
8990
9110
15840
3280
24880
16260
20690
5810
9850
9730
17010
5700
25740
7490
4650
21750
17780
6910
10230
11520
8020
18180
27550
5550
7260
18590
11260
22750
8430
8840
12550
28730
8060
19930
6570
0
12080
19410
9700
29310
9810
13710
21120
7770
890
9150
19860
12770
30370
1440
22000
9610
10680
8660
15260
12010
0
0
1950
13320
10030
23640
11920
10030
16020
13210
770
3140
10910
10470
1010
0
14360
12680
16760
13920
1320
10920
3890
14890
12100
780
2040
2840
14910
17820
11740
14190
4550
15790
13640
18350
3360
12220
5280
3590
15700
14940
3460
12760
19240
14370
16810
4590
4330
16350
6320
16840
4990
14550
5340
20170
18170
7160
15910
18050
5820
6050
17430
20820
7690
15450
0
7480
17060
15940
7830
18580
0
18980
7510
17540
9340
1080
8850
8140
8500
20550
19510
1110
17200
1860
19810
9500
19280
10640
21970
9410
18350
1900
2570
10010
11520
20940
10500
20530
19570
11770
3510
23250
10910
10890
20910
4270
20240
11280
21810
12980
4520
4370
12570
24320
11720
22120
20930
12730
22820
5210
5650
14340
13220
0
13640
21720
13910
23080
6550
0
6720
14540
880
15670
14970
7230
14380
0
7650
15550
22560
1810
1490
16390
16730
15390
780
8290
8550
2820
0
2410
16660
17330
16200
17920
3670
9270
9130
2260
17820
4100
16650
17700
9610
4300
19460
2930
1600
4650
10290
17070
18230
10010
18950
19780
5050
1950
5050
11750
20180
18660
19660
10750
5400
18290
2450
4230
12150
6590
4710
20970
11190
19420
20090
3820
20660
6370
5670
7910
13250
21480
4610
12800
21480
20880
7410
21500
6660
14140
9660
22360
5350
13990
22730
22150
22330
7530
10220
0
9120
6170
23530
22740
15070
14880
9440
8930
11460
15360
6500
23130
780
24370
22950
9940
15870
7590
1380
15890
9880
24340
8150
24330
12910
25320
11620
2300
0
17110
8630
17670
13310
10710
24840
2490
0
12370
470
19030
25030
9210
2980
680
11750
18080
19430
1470
14710
0
9630
12230
1670
14840
3860
14050
9760
2250
450
20260
18910
2050
14310
4060
9970
2520
13220
14590
15720
20730
10290
4590
2420
2510
19620
3790
4940
10790
2860
15200
16480
20090
2920
21280
10980
15470
5220
4290
0
20370
14470
3490
3950
11380
17150
4710
5790
16460
4250
960
4200
21380
15280
12500
16690
5220
4540
6820
1510
18180
5600
12820
4950
0
15690
7420
17580
6040
18580
13360
5420
6360
510
2520
13770
16600
18910
6850
18880
8560
1360
7130
3030
6600
14540
7090
19240
8900
17300
7480
7460
20720
3950
0
17700
9280
0
2180
7370
7750
7760
21250
4580
18370
2550
8290
8280
9940
8140
680
2930
1290
22110
8460
10370
1550
9130
1000
19210
5950
3990
9580
10780
9380
1380
22640
2210
20310
6630
9800
1650
9980
0
11470
4870
10100
20860
2180
300
6540
10340
10560
5370
11450
7600
12130
10740
780
0
12660
12040
3840
5870
11390
12110
7850
8490
2050
11900
13520
6420
4690
9040
13140
13550
2280
4570
5110
9010
14400
7440
14090
5000
13080
10430
5610
14370
7800
3330
0
5460
13580
10920
16160
6160
10120
8190
15450
4160
1530
6480
14810
11190
11950
16400
1820
18400
6730
6300
9240
15550
0
8650
12240
7870
19380
3150
11560
13370
7830
690
8230
17380
12720
10060
14290
12660
20570
13470
8680
4820
11020
10000
1730
18350
21430
17320
14010
9880
11550
5820
15000
2750
10960
0
18610
15260
11150
22420
3630
6500
12890
12250
19110
15850
1190
16500
23640
4410
12130
16500
13600
7350
13300
20880
2540
17620
0
6070
17220
9010
14490
13740
14270
21890
3090
18250
6590
14120
1350
18340
3640
10360
18900
24480
1950
15020
7690
19410
19430
15920
4170
16450
25530
19860
11130
17320
4850
3350
8540
17920
26070
21460
8980
5370
21170
17310
12180
18340
5380
0
5810
12500
17820
0
10020
360
19680
6230
22210
19240
7580
18620
22580
20150
19650
13450
10890
2030
1870
18920
19970
7240
2200
8710
23760
11690
2780
0
19390
22600
14400
24300
9160
14780
3270
12390
20120
3620
24590
8710
1160
23820
12900
0
20470
9930
15910
5140
24270
4720
13360
16210
9960
21250
2210
960
5130
11080
14060
6400
25110
11370
21910
11660
17490
3220
6450
2610
26060
14940
12620
3680
0
7390
7750
3270
19150
12560
26710
470
15670
4250
19920
16090
8170
5540
13860
8980
27790
1340
13580
9330
8700
20590
5160
16880
28660
14890
7660
2370
9420
14680
9870
29620
22200
19120
2840
6440
16020
8660
10410
15890
10710
6840
22870
0
20120
3960
17140
250
7270
9710
11470
17120
11810
17420
23540
530
21110
11830
17600
6150
12470
10320
17790
8320
0
2820
12850
10730
18630
12880
6810
0
9180
19770
2880
13920
4560
14280
930
7860
19560
20240
11960
14510
5000
3500
8600
15340
11040
2150
12520
14810
21370
20750
5850
4660
9480
12860
16220
3000
21190
12480
22140
16060
9920
5570
16730
7090
13570
3650
22700
16610
13020
10730
17730
6580
21970
23200
17080
13510
7970
14920
4390
7050
11720
0
18940
24410
14040
17680
8730
15930
7520
18170
12670
6140
20030
9460
0
1820
17020
14800
8590
13110
19470
2320
470
6900
15250
21160
13530
10570
17800
9360
2780
21520
15780
1040
20960
11070
18190
15010
3370
9930
7870
16320
21440
1510
11390
0
3870
18920
16090
8520
11270
16920
2070
900
19470
0
12430
1380
16940
9080
19840
17660
11880
2930
4690
1230
1940
13370
17350
20340
12330
9820
18280
3420
5610
2310
20740
13830
17850
2360
12910
3840
10470
18890
6190
0
2930
2810
18370
19270
4280
13480
14760
490
3470
11310
3410
7000
13880
19480
0
15360
4870
3900
11790
1580
7450
14350
20130
460
4920
4400
16140
5540
14980
3160
5380
1260
12490
8720
17160
15320
6070
5700
0
5380
3770
1880
2320
6660
5960
9610
18150
6410
4680
840
14850
17210
10060
2960
7030
19720
1500
7540
5630
17930
8500
16210
10810
3920
20140
2090
8310
7990
4280
11420
18660
9560
17490
6480
21490
9460
8750
19150
4080
12170
4840
18740
7300
10960
10210
5340
4670
0
9620
19840
19690
12920
12100
5760
8010
11400
5740
12630
0
1250
6560
20500
10690
13690
11930
6080
460
9000
6970
14110
21240
2050
6790
11590
12770
14180
7710
10210
2570
1530
22100
15070
13320
12680
8550
16050
8440
11240
13930
3720
22950
16540
2910
9070
17720
16990
13260
0
14430
4900
14880
9200
18180
3960
14740
11310
5710
4380
15900
10140
2410
14480
15230
18160
19020
12150
15640
5110
16970
11270
15920
19090
6870
19930
4170
13660
5730
16570
19570
17660
11780
7750
17670
14190
0
12330
17050
6440
5460
0
8630
18850
18580
12940
17860
15380
2520
8370
880
7900
20300
9740
15050
15950
3060
19890
19330
9220
22530
11010
9770
4400
19700
0
2910
17400
16110
10240
10360
0
4960
530
3480
11650
11470
16930
20840
18420
12720
1650
6240
1770
4350
12930
13160
2340
18070
19900
12020
22670
7310
13810
2680
5200
14650
0
20900
3550
23920
14940
8210
13020
3800
870
22400
6910
15240
4740
24480
16300
13930
8810
4360
1460
16010
23580
5840
9240
17290
8020
15130
0
6140
9770
25000
5240
18260
6870
10380
17180
16480
7410
18870
9090
1250
7710
6240
11470
17940
26670
17930
11940
2420
19830
0
9920
9010
12450
10120
7720
10310
19070
20440
20020
960
13020
3690
10690
10780
8370
21000
20640
20340
10620
4110
13410
11190
11290
21140
2540
21490
8840
4600
11110
11690
21650
3100
22050
14650
21980
5170
12410
12360
22240
12060
15140
22450
0
9780
3690
12800
12900
6020
15700
12440
4160
10320
550
23160
13370
24100
14370
6810
13100
10930
16340
13900
1230
5270
24260
15160
25390
14130
11830
2130
18490
8180
15560
5850
16270
15240
12930
0
26750
9370
3870
7010
19740
16650
17290
27840
5130
12120
1350
17550
14680
16730
7910
20870
29070
12770
2160
15150
7480
19580
8860
20320
18890
29730
13490
16230
22830
9720
20760
3070
8360
19870
0
21140
16900
0
630
14210
22520
10660
4090
9080
21700
22110
22910
1130
1120
18170
22150
4860
15410
10630
23290
12000
18910
24280
2030
2140
5390
11170
16090
23070
19290
23950
12940
2870
25030
19900
6230
3440
17350
12180
24170
4100
24790
20360
13580
0
4300
18070
0
13620
20850
7340
14170
5120
4810
1380
21370
25900
14460
8380
1320
1790
19120
6510
15900
6290
16430
1860
23040
7060
26890
20460
6820
15980
2770
2370
9220
0
16940
7520
0
21000
16490
3200
7440
7860
2880
500
21320
10000
17480
7660
1120
17020
21670
3170
930
10280
17860
8310
4130
1600
17310
8180
22010
1420
10930
4740
18920
8800
9330
4360
1820
18620
0
11430
5290
3470
19660
10040
470
5290
11890
10160
820
19630
4910
20850
3010
6480
0
12500
13230
5360
20200
6580
11380
1530
12930
7170
4310
740
2310
7960
14270
12530
13430
6830
21500
4920
7810
1660
14730
13960
9040
3240
7770
8460
22460
13960
8040
15580
2950
6670
17740
9230
14390
5410
11000
23180
8590
16200
7190
4170
9670
14900
19350
23740
7700
6210
12630
15350
19740
9470
0
17680
5050
13080
6850
5380
8290
16190
10250
11320
21070
13580
18460
1410
8420
18830
10890
14100
9630
6500
22010
12690
17580
2210
19400
9260
11640
10350
18490
3440
14080
8830
24370
16760
10710
20200
10010
3890
0
13220
17190
11300
19540
10510
15270
10710
4720
19990
660
0
11920
15940
18330
20320
11650
14910
910
16560
5850
13060
0
19540
2840
13180
14120
16900
2950
6930
20230
18430
3390
14870
14630
3210
1730
18820
15950
18180
8410
15310
4830
2340
3900
21470
19290
15860
18880
2670
5320
16360
16180
9960
17850
21350
22130
3200
10410
5790
18310
19940
16790
22660
5120
22000
16950
4220
11210
20720
23340
19250
18350
6060
7930
21280
19990
0
0
5190
18360
11980
18970
220
20670
21910
19210
12420
8030
9190
19770
1110
22420
6340
10450
2490
9010
20200
21580
20480
13260
6860
2160
23600
10880
20530
22100
9490
3570
13810
0
2610
0
21010
11780
7730
10340
2150
23650
5570
3840
1120
12170
14650
10940
21900
8700
2900
24920
13150
15380
2040
6290
5600
22370
0
12190
7000
10050
450
16450
2910
4960
6460
23510
13980
13610
14020
11900
3800
2320
8840
17990
8810
12510
25100
6100
15780
15110
18570
9750
9480
13150
3290
4910
7290
0
18930
17020
16600
4010
7360
14290
10980
11380
19450
1010
8850
17060
4390
7850
11780
19780
19190
9620
1890
12500
18060
15590
5040
13130
21620
9360
21230
10870
19040
3400
16340
13550
5860
13840
0
11490
22480
10450
14040
16870
19810
4700
8160
12200
14920
14580
17320
23400
20920
1760
11550
5260
12680
17820
16010
10690
15600
21880
6300
3610
13860
26010
13630
19270
11580
17150
16710
22840
7880
14970
27800
14700
18510
20540
17390
4420
12540
23640
21360
10030
19890
0
29280
15790
16200
18650
21940
14590
6370
660
16710
21520
11410
17170
30810
21090
16970
0
6970
1740
18280
12350
18760
22480
0
18210
1310
12930
3230
22610
8010
460
19170
21190
23010
13530
23850
19210
3850
2370
1290
9200
23470
22070
20770
1860
20000
15360
25260
10830
3790
25200
5780
23560
21620
11220
21450
3050
25920
26390
6550
22770
4960
22160
24990
26600
12780
17100
4160
22720
25670
5900
17570
27440
7540
4710
13530
27800
24280
8160
14040
0
18360
0
26610
23730
24810
8270
8670
18710
14560
480
6010
960
24360
9180
25580
27310
8990
6720
1230
15600
2340
19770
25040
26600
1910
10210
16020
10080
28560
2970
8120
25940
16370
20720
2550
10560
3550
11860
2910
28530
16900
26560
9050
21590
4130
11900
17380
0
3590
0
23890
13010
0
10780
430
4810
13050
18070
4780
2360
13990
11270
25730
1500
1240
5370
18660
5770
13950
3540
2180
12250
26660
2590
19570
15460
6980
6800
15390
5520
13190
27700
16290
5050
20470
3630
16390
7780
5470
20920
0
15120
6560
17750
4180
17130
8430
5980
8580
21550
480
19050
7760
16800
4910
9020
6730
950
0
18780
9770
20010
1410
9100
19300
10220
17720
10050
20810
8480
6600
10690
18390
4500
20200
2540
21140
8930
10850
10740
5010
7510
11620
3910
11140
20050
22010
5740
11940
7820
12040
12260
22310
12310
5080
22970
8890
6860
13430
21380
23250
13340
14450
5960
24300
14310
14120
14040
10140
8300
24310
22580
15000
14380
7090
0
14680
8730
15770
24820
23140
15480
11300
7590
14970
23630
16880
10080
15330
26250
1250
8190
26310
16480
24190
13040
15820
17430
10450
1780
16880
10280
0
0
16950
17740
10910
15170
17340
10770
16750
17320
420
18140
3900
11620
16050
1450
17800
17270
11350
860
18620
18320
4440
16650
1960
19080
18650
18320
1350
4870
18590
12180
12450
2380
19520
0
18800
17790
12730
5680
19400
450
3120
14200
20470
13120
2980
19770
20280
18810
3600
14720
6680
20960
3550
0
1730
14420
20910
16050
4070
21700
19710
4620
570
8190
3300
4670
21340
5120
15730
20360
1380
3790
9180
5150
17640
23260
5690
20910
16270
22330
9610
2210
4450
23620
18180
22990
6500
3050
17070
21490
6810
10230
18580
24220
5500
6910
0
19040
22870
4040
7950
18210
11280
24920
6410
20490
10010
4860
23870
7220
20910
9290
21000
0
12990
5430
1400
11080
1480
8090
11150
21940
1550
27780
23310
10020
14000
1480
6670
8620
12100
2810
22970
10870
2710
0
24330
14890
8010
4010
9490
13280
24750
11320
4500
15800
880
3820
11790
10250
0
25280
14290
9480
12200
5290
10810
4390
16600
14790
2640
1310
11440
0
12910
10360
5890
4950
17090
1670
3160
15770
600
6320
11950
10970
5850
17730
2760
13880
16400
1060
6900
12450
4360
11580
3390
18580
7290
15710
6630
2150
4870
14020
18200
7710
19110
12430
7270
5380
14740
18730
6070
4280
8510
7750
17190
13380
20120
19280
6490
6530
8120
4700
16040
20580
17980
14020
10320
19810
7090
7200
16520
5120
21540
8840
14590
7780
8420
21170
19710
11350
17630
9510
0
8980
7200
10270
15830
18190
0
9620
10770
11030
8140
1010
21430
13030
18750
11220
750
11240
17410
10210
8650
13640
1710
19350
1210
10720
11840
12440
18430
22840
1720
0
2740
11140
10370
12970
12680
0
440
19180
14610
3050
11650
2580
13050
11270
19800
14070
15130
670
1270
3010
13390
3690
12940
11720
15600
20410
1810
1890
4790
13660
15970
14630
15580
4440
21580
12260
14240
2660
5350
16590
15100
2620
4940
12760
16850
0
15590
14860
6650
5430
3330
18130
3680
580
13810
17860
15540
16410
7150
5930
19510
16060
18620
7730
17450
4870
5130
2190
6860
15060
19260
17080
5660
7180
5600
8950
0
18400
15620
3220
20230
15850
18770
9620
6800
18330
7730
6890
1130
3680
7480
16920
20960
19060
8140
1700
10550
19800
7900
5220
8580
0
10950
17830
2170
8490
8680
20860
0
5780
11980
18590
2880
1230
10300
6100
10020
9470
0
12430
18900
560
11350
10220
6840
1930
660
13090
10870
3900
11580
20470
1430
2290
11080
7820
1050
4270
12190
13900
21170
12480
1930
1400
8840
11700
2250
3270
14340
5150
14740
13550
0
5530
15010
9610
3080
15420
3700
14360
2540
13130
5920
3490
4020
1430
15510
10340
13390
6270
16060
15580
3220
4270
2820
4880
13720
16520
6890
15820
12470
16870
3660
3080
5090
16840
5140
16110
14110
7170
3330
4140
13130
17310
16980
5410
7390
14350
16770
3610
7210
0
14530
7630
4950
5820
16980
14000
360
7690
21310
8060
14950
17300
5450
14450
15350
6920
4890
5980
17800
0
8590
8660
1570
7280
15450
18240
6730
16250
7600
5500
1670
9290
18640
2300
9680
16070
16800
2290
2770
8180
0
8450
10790
6120
16440
10230
17620
500
9180
11320
16870
9590
11040
3440
0
3010
8970
820
9510
17450
3800
9990
3370
11510
9310
490
12400
1750
4900
9570
18140
10130
10690
1340
4300
13530
5360
12760
10840
9980
1750
2410
4690
5740
18830
11920
14240
13300
10330
11320
2210
19290
15070
12690
5830
14120
0
7250
3650
11640
13220
12850
6490
17070
3900
660
3960
12010
13720
13910
15230
7010
17480
9040
970
4360
4610
14110
14160
13010
17790
8220
9940
0
13430
15310
15200
18280
6860
5350
4750
10320
450
9180
18620
5700
7450
14150
10690
16720
5700
820
16420
6150
9790
7890
17010
19400
6020
1150
15110
11360
0
6540
10260
8310
0
6380
17560
6970
2430
10610
820
8700
15760
440
6900
12290
7410
2800
0
12620
16140
7500
11860
9820
1830
1360
8470
13290
3460
16900
8860
12350
2930
17080
1280
13680
2040
11460
9330
9190
4560
2370
13190
3700
9760
2060
9550
14740
5010
18820
13760
3150
4730
5340
15200
10280
14260
10870
3240
3680
15280
5190
5720
15660
14580
0
11350
16370
12360
4810
6440
5380
520
11750
15650
16810
16740
7720
5480
6130
7200
16290
13580
12580
17720
1570
8150
6510
6170
7700
17820
16770
14100
12910
6970
18190
0
8870
2870
6990
17440
8850
14130
15460
3480
19110
9400
7520
8090
870
9320
18280
15850
14760
19750
9710
4040
8030
10020
0
9900
16450
2010
15610
20790
10770
11070
9280
5040
940
11140
11350
12220
16470
21530
5530
1700
10150
4380
17680
12130
5880
13070
12790
2200
0
11240
17550
0
12740
5960
6400
2890
330
12140
18330
1420
14160
14800
13740
7350
7200
5080
15210
18890
13140
1360
2240
7900
15470
15280
13630
1780
2890
16100
8310
9760
21170
6610
14070
2340
8760
16770
17100
3940
10360
14520
7040
16600
21890
9310
3490
17360
10930
7490
17110
5530
9700
18130
11250
0
16060
17480
6040
5770
18680
11500
10050
350
8960
19050
16880
17920
6350
19360
780
7540
9430
12490
12900
17390
18540
6820
19930
20840
9840
8360
13120
20110
2100
13970
17970
19240
7570
8720
0
14210
2430
0
11180
19490
0
7890
9160
14630
14330
520
2930
11690
19800
890
8680
15140
1570
1120
12220
3610
1340
15280
20400
9220
2100
11090
4190
15810
9670
2070
21050
16660
2620
13090
11800
3700
17000
0
5030
2850
10710
16670
4230
380
17320
13920
14220
5450
4300
3330
17300
4650
14590
5890
11770
3790
17860
14600
1550
5250
5280
14940
0
14960
18870
12960
5850
5740
8250
5410
19310
520
15770
13440
6480
3170
16290
6530
960
9210
6050
6810
13920
6980
3760
16500
7130
17180
1490
6500
20780
16840
17470
14660
10460
4270
7560
7670
2200
6960
15140
22220
8160
8330
11380
18810
17740
5450
8450
22660
7630
3040
8940
19370
8510
18310
16230
23110
19530
6350
3630
9370
18670
12310
0
3920
9330
17150
8910
0
9680
12650
7080
470
4310
19710
9800
17950
13260
7550
10380
900
10390
740
5740
18170
13550
20420
10730
7970
10720
1160
0
11410
2310
1440
11220
21850
6590
8830
11510
11770
15170
560
2780
11690
7110
15630
2150
890
0
3290
12680
13580
10220
2510
12630
7900
1480
13170
13990
3880
1280
13070
17050
13430
8590
3390
11490
4380
2140
1930
13930
13730
14980
9080
4770
4120
17970
12190
2910
14380
15430
9480
2920
14450
4800
9820
14800
3900
13790
6720
18890
16200
3430
5340
4330
10680
16740
0
14460
15800
11040
4670
8110
6030
20410
15010
16420
5620
550
17680
11500
5260
0
9220
18040
15910
7140
1200
6330
16990
1690
6680
1790
7070
7740
12970
0
10700
19200
17170
340
8090
8360
13630
3540
0
3470
8640
17920
11410
8620
1260
4540
3960
9460
1250
8830
15120
11830
9890
1800
19040
4330
5000
9930
2460
9810
4650
2560
19680
5660
16930
13860
10430
3120
11520
12110
3360
6430
20570
6050
14330
17890
3490
11190
12790
12970
6470
11530
21640
4200
4950
0
7760
15010
14130
13690
7130
350
5560
15480
6340
12580
0
14170
8600
8070
1300
15550
6910
14700
16400
1580
9710
7080
8920
3420
14240
7850
15380
16910
10150
7560
1870
9450
17990
15820
7970
4360
2400
15330
11450
17730
10430
9050
19670
4790
8880
16530
18330
16830
10950
9620
12620
20460
3210
5210
18840
11610
18730
10130
9810
17550
21020
5780
13770
4380
11410
21650
12580
10430
20410
18780
19530
14520
7230
4930
12450
0
0
7780
5480
13910
20900
11730
12900
15250
19530
630
8280
550
14490
21640
6230
930
1060
13330
15940
14020
15040
20640
9020
0
7560
13860
1600
1550
15540
16580
14630
9600
8030
14330
21970
1190
17010
2400
15500
2580
10800
16590
2730
9180
23050
17520
2160
15360
17070
9450
3120
18170
3280
2510
15720
12250
17370
16860
2990
3960
10270
3670
0
12680
18920
0
16410
17090
3190
13010
4320
16740
4440
19310
17450
11080
1330
3860
4730
930
17790
17150
19780
4790
11600
14560
4330
18030
17870
5210
2230
1460
4720
21260
5610
13230
15130
0
5920
0
2780
13500
19330
2130
6160
15640
5970
6680
370
3520
650
13860
2450
6930
6530
6330
19990
16340
1070
2790
1290
4620
14680
7110
20350
6760
8430
17120
1770
1870
15170
5440
7510
8650
3300
2170
8010
5780
0
17580
2530
8960
15960
2370
8210
3960
17830
2710
400
9240
2630
9080
6800
9330
16530
3040
4790
3030
7120
19000
9640
9900
17020
3360
3270
10640
5500
10160
7480
3690
0
10830
3590
3630
10490
18040
7890
6200
10690
1950
5240
4570
0
11720
10910
8280
4560
11060
350
11230
4820
12090
6990
5710
8840
4840
3200
710
5100
12400
11580
9170
7370
5050
11850
1130
6720
12740
5590
3680
9560
5440
12360
12200
8300
13060
9880
5860
5720
4260
12580
12650
2060
8690
13400
8180
10560
12970
6880
0
2410
4780
6710
2600
14230
8580
10080
5130
7180
500
13500
7040
13800
5590
9350
1050
0
7380
3910
12490
5910
11140
9780
360
7810
4140
15490
8700
6180
12760
11640
2120
10190
8110
4520
6490
9090
0
1340
13090
2440
12210
8660
10660
4840
380
9540
1910
2760
12520
7570
8980
11160
9850
5420
14590
3110
1310
7980
2660
11420
14830
10390
3410
9820
2960
11720
8500
6480
13640
15130
2190
10050
10910
8740
3330
13930
4370
15560
7060
2870
10510
0
9610
4000
12370
7580
3170
5690
410
15000
13510
4260
10120
8010
5950
3600
13130
11700
8300
6290
15900
1560
13690
10800
14530
5590
5150
6680
8960
12980
15110
5540
2470
17690
6580
12540
0
8520
3030
6050
13940
10210
0
16370
420
13290
8940
8430
6370
280
10570
14640
4250
14120
0
8800
1310
6920
9860
12080
4600
440
15620
7410
14460
9370
1240
2420
4850
10460
7600
9820
15990
12930
14810
1690
1120
5150
3230
8000
10100
15180
2090
1500
12170
0
5470
13720
3520
2540
8610
10750
2050
5860
14110
2850
13330
16170
5900
11250
1310
9440
3340
2950
0
6700
15350
9910
14680
2370
7600
7130
10370
12430
0
690
4750
3600
15160
2930
7690
620
5190
4250
3200
13580
8530
15650
1690
12190
1170
8290
5690
14000
4880
3700
12650
16170
2250
9680
8600
1700
6200
14320
5190
4220
16760
2110
2850
10150
9260
13260
5610
6810
2610
4810
3470
13650
9750
10820
18160
16340
3030
5320
6580
4130
16850
8050
0
15310
10460
11480
5860
3730
7340
5770
15770
8590
500
10960
6270
12020
4170
7570
19470
11470
6650
9480
6740
12630
0
2090
5280
0
12070
8530
7260
12990
7170
2470
10570
1650
7830
13430
12630
9560
6600
2980
11160
8120
2350
13120
920
10050
14070
3620
7230
9600
2820
12690
10430
14620
7750
10090
1580
17810
10620
13230
8150
15180
4080
4670
0
11150
13490
10710
11160
2480
8330
4950
15590
250
4360
13800
11140
11560
15770
2870
570
9710
4820
14140
13030
12000
16120
3200
5980
12330
14550
10100
5270
12360
2550
3520
14850
5480
15400
6770
12850
2860
18320
12940
3910
15590
0
11020
7170
13180
5930
4110
13530
18720
3440
11290
260
16060
4440
0
13970
8050
6840
640
16360
4770
11860
0
15380
380
8400
5110
7020
16740
5090
1150
12060
320
770
15820
9190
7390
17100
1600
5410
610
1170
12580
16660
5730
6420
8600
9750
1440
17860
12940
3200
6050
9960
1690
18280
13220
2230
3590
7260
18370
6410
10810
10280
2040
2550
13740
19200
0
7620
3910
6760
2450
11310
0
11230
7080
19640
310
4340
7960
3990
2950
11620
11740
8310
20110
4410
730
770
3250
5110
12110
11990
9490
0
4780
1120
3610
12560
1770
12980
7040
9410
5120
11080
4380
870
1760
13380
13910
7610
10500
2090
4940
5910
2020
14590
2880
2440
6380
11300
11960
14770
6460
3210
3350
8780
15590
11690
15200
6930
3540
7040
3830
13040
9120
16070
12010
15570
4180
7360
3900
13430
8110
4750
10250
4750
18130
0
8220
12880
5230
14280
5140
18570
8870
10890
9540
760
5530
5480
13260
6530
9320
15130
5990
2680
10200
13850
12050
6510
0
10220
3270
10870
6730
16080
14550
7500
12580
11350
7290
11100
1040
8170
15030
4760
0
11350
12170
13610
7750
1680
5220
610
8760
12280
15980
12900
14430
980
6000
13260
2390
8300
12940
14850
13530
9820
13500
6430
16880
1500
8880
13950
3030
10150
6810
13650
15630
9170
14130
14260
10520
3320
0
2350
7130
14120
9480
16050
14440
14760
3730
10970
7520
0
3430
15090
14910
10470
11280
370
20060
2090
7920
3760
4480
15860
20320
12260
8170
800
4150
4940
16160
2540
11640
12600
8510
0
1380
17150
4870
0
11970
2930
6050
1870
5100
960
9400
18580
14310
12900
1780
4020
1350
9760
6390
3140
18930
15520
7100
13470
2470
4580
10170
6920
2380
7480
4070
19780
10670
7840
17000
15070
3770
2940
6050
6280
8380
20530
4330
6590
9010
18090
11850
5110
20950
8730
7370
18190
6910
9970
5580
9330
5910
13920
0
7310
19340
8300
9960
6430
23250
6450
11040
15740
20270
1590
6980
10970
8650
0
9290
7350
16050
350
2000
9110
11720
8640
12770
22050
7590
16560
3430
10680
1350
13230
13310
17270
22770
14170
4310
11740
9910
1760
13650
11330
4520
14570
10280
14630
13100
17840
0
5560
14660
3050
12810
15100
15120
11330
14970
13100
3440
15470
13970
880
7050
11700
0
15790
4030
16670
14630
15430
1570
12260
9860
510
17200
16300
2120
17710
5100
10370
16190
18530
16800
2790
2700
5560
14120
10950
18240
16920
19710
17500
4840
18450
3740
14820
0
6710
20620
18590
18930
13070
21560
5860
5790
15530
13420
19530
8930
19860
0
1180
15830
22290
7920
9350
8170
20700
370
1620
13980
20820
16320
9870
650
8390
23650
2760
21390
16900
22360
8900
1250
15530
11290
9850
3310
21880
9470
15710
25970
11500
10310
1700
3730
9720
17880
11800
22230
16060
24100
4120
10700
2270
9980
12150
18400
27260
16430
10990
10210
22910
2710
4710
16600
27470
12540
24780
11340
0
3110
16900
5280
27760
25090
12820
19520
11650
11990
350
5600
13120
19730
11880
3780
560
0
12590
17820
13400
26050
0
960
4370
6700
13840
13630
560
18620
26830
14100
1370
1050
1540
14250
5330
15370
8350
1860
19440
1920
28290
15210
2040
2210
15940
0
10650
2400
6580
20240
2500
15270
16010
16810
920
3610
20670
11190
3190
7310
3280
4200
17990
0
1480
16310
0
11490
3740
8120
480
11850
17040
4030
520
5360
4230
8540
2540
21020
900
4620
1800
17920
12740
3050
9140
6610
5090
13010
1680
22430
5560
9400
18680
6910
3610
13320
2780
9840
5650
2460
7340
6220
3920
19270
23370
13860
2880
10330
6100
7800
6740
4530
4510
23860
19880
8070
7220
3670
4880
24310
7720
0
7480
11270
5200
16120
24690
5320
8810
4230
4440
8050
5690
700
8380
9380
25280
5900
12390
8510
1080
6080
9780
9040
12870
17650
8250
26160
8400
13500
2650
7140
18220
10380
11050
10910
0
9800
3410
11310
11440
8100
11660
19250
14220
660
3880
11850
11920
19600
12640
10930
4520
15360
12450
13010
9870
12550
2110
13390
0
13750
5370
350
0
12750
10660
13870
3500
13390
14830
440
14410
6500
1700
13560
14020
15010
11950
4670
2160
15980
7210
2910
13130
14650
16230
16200
15000
5250
3090
8180
17410
13980
5310
0
15790
16910
15830
6210
19490
3850
8780
6160
16740
19840
15580
17740
6770
17460
1290
6410
9280
17060
4730
20380
1520
18180
16700
10000
5110
17870
19050
8060
7110
21040
18580
2940
6040
17960
10870
19030
8000
20430
0
9030
6460
19790
11320
8410
3450
9610
19020
7400
21880
780
20210
20580
22200
12630
4870
7940
20160
20550
10530
20770
9920
5350
8350
21760
20930
2320
5670
22050
8900
11280
21410
0
22120
11310
14460
4330
6820
11750
22420
23160
12790
10430
0
15050
7050
4830
13020
10920
23680
420
1620
0
5100
12990
0
7880
16240
13590
11450
890
400
5520
2350
16480
1080
440
13490
13880
730
8850
12740
1140
2280
18090
3330
6410
14530
9230
1460
2710
1520
14090
14650
4190
9860
3050
2050
2040
14790
19540
15270
8610
15850
2610
5180
10380
2740
8980
4660
20660
10650
16810
5650
16130
9400
3140
4740
16130
5930
21270
11150
16650
9710
5660
17970
6290
0
10280
17960
12390
4400
6900
18850
5570
18030
7030
18330
12730
10900
1110
18570
8450
19480
18770
7480
6310
5660
11400
13780
1870
8050
19530
9050
11790
20860
20450
6320
8470
3350
6610
12510
10210
0
14550
3650
9980
21460
9630
7130
13090
14930
10770
1020
21840
22100
4730
11010
8160
2250
10600
11410
11250
0
16210
12100
24280
12230
14420
8490
12600
24780
10110
13470
1320
3520
13650
15700
0
13410
18680
13550
5800
2350
14920
12230
14300
550
10970
20090
2740
6260
19530
14510
1050
15600
11480
8250
13120
15650
16570
1620
8680
21670
6900
17760
9210
14370
0
16570
14670
22590
17530
7950
5620
18070
14680
620
23030
10430
17090
18300
6100
8770
15520
15490
930
18520
17720
9090
15980
23460
6780
18740
9450
18930
16470
16330
11420
1890
0
19620
19160
16650
18690
410
16960
10600
8760
12030
19770
19060
17130
21220
2980
17460
1510
11010
12580
9250
17890
20810
2020
0
18740
23770
4020
18350
13630
11990
10630
580
2760
24260
19320
4870
11120
0
14440
22390
1000
13160
3380
0
22980
20350
15010
850
11790
6570
1870
14510
15760
4260
1180
0
22560
12660
2060
7350
3440
15240
17090
760
13040
4940
2170
24760
3440
8080
3960
15670
1540
18340
14480
26110
3550
4430
6840
16300
9330
5910
2560
26940
4420
15890
19780
4990
7760
7090
10750
17510
16240
27670
3940
5230
21260
4350
28040
9410
8840
11500
7990
17140
18760
6370
28430
11770
17530
8470
22510
6580
10210
19270
5440
11160
8870
6850
10420
12730
23500
0
5710
19730
19000
11980
7220
13130
23980
19240
10170
11390
810
6020
20260
11710
24520
8190
13980
13140
11270
21150
7310
20070
1810
14420
12710
9260
13740
20350
8030
0
12290
22410
15560
4010
20990
22660
9810
9230
14010
14530
700
16250
14610
4940
9540
22290
1030
0
15230
16740
11220
15320
0
6470
15890
1340
11040
1720
17750
15810
12240
6970
16280
16790
2370
18550
2780
2570
12400
17410
7730
17380
18750
14380
3280
19670
19370
17860
13220
18010
4220
9070
4370
16000
4130
5210
13880
21930
22470
20450
19320
5370
5810
6010
10570
0
22890
21370
21540
15710
20100
6720
6550
21730
23850
21810
11670
1580
7140
15970
21030
22240
22660
12520
2970
24940
7670
17050
7700
22810
8230
23630
12810
23370
8140
0
8080
3580
27140
13120
9040
18410
24250
730
27720
28540
9090
10150
14000
24600
4410
11280
10370
19360
1700
11550
28760
10310
14850
4770
25840
0
2000
19830
28990
12060
11350
5100
330
15810
2410
11770
12480
27020
20470
5480
30440
12960
12190
3060
16520
12970
5980
0
1470
0
21510
12520
17180
13410
380
13730
6820
0
12940
2700
5400
14120
1130
7130
18010
13550
3390
650
14560
1450
6050
13730
18570
1780
7940
14950
3660
1080
6440
1890
15320
3910
8400
16080
19630
2170
6740
2480
15150
1750
8740
15750
16370
20020
2770
2580
7080
5360
15420
15980
16720
2980
2850
7460
2430
21140
5900
17020
9970
15830
3380
3830
17250
21540
8990
3520
17550
10410
7360
3910
18100
16810
4710
0
18110
17080
4210
18510
4200
8000
9920
11450
18400
1120
18920
6160
17820
11930
11080
9270
1680
6590
4980
19450
5300
12310
2070
7110
5400
19860
11550
5620
19940
10920
20370
11190
5900
18760
2600
7780
20690
6710
14560
13100
6800
15070
8880
0
11840
7950
7210
0
0
4110
14630
230
8510
15740
440
1420
4380
12590
10120
9020
8420
4890
13030
16180
1520
16370
10720
9450
2810
2110
13300
2020
5370
17240
3150
17660
2630
13650
11290
5830
2900
11920
11510
17540
3220
11630
18760
14810
3850
4140
13260
13680
15100
4430
8150
12520
4610
18530
15410
8470
6120
14720
12920
0
15710
14680
5470
6470
19760
8850
15140
16160
14890
13660
7100
20230
6910
1080
16300
16660
14240
15490
7230
20580
10220
1390
8250
16670
8190
0
15250
8280
11130
17060
0
8850
8710
2850
17400
15760
9100
540
710
17810
9280
12670
3270
9760
16390
17780
1090
9700
13120
9980
10310
1500
4560
10180
18980
10740
19710
0
10340
1890
14850
10580
19740
5230
11190
2340
20680
16240
1680
11920
3260
13180
21130
3590
12900
7480
17090
22070
12900
13910
4880
8370
13750
4350
0
3560
0
14310
18630
15330
4980
9350
4170
1260
6260
15390
19140
15870
660
16080
5850
9840
3110
5210
6890
16780
1310
20050
6350
17360
17480
4480
7590
11380
17500
6150
7770
2260
20860
5000
6390
18890
12510
18790
8870
19020
6870
5580
9240
4100
13360
21890
19660
9800
20210
8090
20620
4600
6520
10100
14640
0
8530
20650
20600
10840
11470
5740
8650
23060
770
21420
20910
9570
15390
11170
21700
23440
12490
7080
21980
2720
9960
21630
16570
10370
23730
12970
3190
13350
22110
10930
11520
8330
25380
24110
14220
18130
0
8750
4130
11790
15220
0
12120
9190
28010
15720
400
18880
830
12470
16110
12510
4750
19120
10070
1310
16360
12950
5280
1180
16690
0
13160
19690
16960
400
16910
11270
2150
14540
2110
17410
17150
660
13890
14880
21380
6350
12710
2520
3870
17620
18880
1250
6930
4410
17960
15840
15270
22400
1720
3620
19470
13700
8310
18320
15670
2170
19840
4040
23320
5140
9750
14530
18300
17690
19380
20730
6420
3770
5140
24410
15160
19790
19090
18990
5460
7150
21850
10830
4640
0
15880
20200
11180
20830
19700
450
5050
8070
6950
0
11730
0
19990
940
17230
21700
12110
8950
1450
8000
6300
550
17970
580
21310
1750
9360
12950
23000
1420
8620
7650
23350
1850
2570
22610
19210
1770
10100
8970
14140
3150
22900
2850
19620
8950
2020
9410
0
23220
3180
11080
9210
20690
15770
4140
350
9830
3160
23530
11510
9590
20890
16010
3860
570
10260
11770
4360
5520
10190
17320
4330
1370
12110
0
11220
23320
5450
17850
12630
11150
5860
6770
800
0
6240
2420
18880
12140
12090
13530
6920
840
1590
7320
7110
7420
13990
13150
1920
19700
3890
7790
1340
7740
13410
14250
7700
2230
20330
13870
5450
8520
8900
8180
2230
15350
14420
21010
3650
9240
14760
6020
9750
16020
8860
2800
4270
16500
15620
11750
11610
0
3730
17190
10080
4720
7370
12340
16120
4260
18090
890
12350
17820
10670
4400
13270
7790
16630
5450
1100
18590
0
12870
4790
11170
18700
6000
1710
8150
13790
17640
14020
1080
6550
8480
12400
18010
2830
6410
0
14590
6820
14640
12760
1920
9250
20070
7120
650
7890
3700
15250
2220
7480
0
900
8200
15880
14260
10070
15730
4480
2670
370
16180
7920
9060
10350
1410
16170
16580
3120
5130
1040
9460
16530
10830
8430
2140
15200
17460
5750
11100
9840
17060
4040
9620
2870
2130
11390
17930
16790
6680
3150
17910
4430
11470
10450
12920
2720
18710
17140
7250
11880
3880
19740
3050
10900
0
13520
6680
4520
12920
8240
18480
3840
440
0
7280
8730
5250
18910
14970
920
14110
15430
4550
680
1490
6280
20480
5230
14950
10130
8400
16240
16050
1560
2090
0
16520
16260
7380
16990
2500
9200
11160
7850
7890
2780
11570
9540
730
18050
8490
18150
12140
3680
1200
3590
19090
8680
10740
1530
18600
19220
9330
9240
5540
19900
11400
0
2080
4650
13940
19730
10010
20720
9860
6470
12250
3430
5700
870
21280
15090
0
11860
12920
10720
4150
7070
1810
6890
1340
16700
7590
14070
12840
11820
0
2410
5500
2280
7970
7890
17810
14140
15350
1520
12920
3490
9120
3130
6530
15040
18980
9130
14180
4780
2880
7550
4240
10400
17300
14860
16160
3350
10540
8170
4700
21140
5650
17920
10840
11530
15770
17490
5800
6210
9430
22110
4120
6160
18740
10100
16860
22570
18430
12230
4840
14000
6930
10450
17350
19190
19800
14300
7260
0
13190
7470
19690
6580
17860
14910
11550
8190
21180
7970
1000
15260
20240
0
14500
8700
12360
9320
23320
8650
470
21260
16740
0
15380
13140
9730
2540
9400
1180
10190
22320
17680
14140
1000
10590
3330
17970
11950
10680
2380
16900
0
3700
1650
12690
3140
370
12600
15910
18170
13010
19950
11840
4800
2920
16450
1180
13810
3460
4880
21190
14830
19750
5650
4020
2090
14320
12920
21610
5430
18200
2410
13400
18490
20890
6020
22560
4960
16100
7230
17250
19000
6600
14780
3390
5390
0
22350
7810
16660
7130
20740
18850
8370
4480
15790
23820
7220
1250
17550
16330
22100
9310
8460
24280
19750
7960
8340
2100
24580
0
18920
18000
8900
10000
20520
2670
9560
0
9610
350
9530
570
10190
19880
10230
21510
19310
12560
10100
1420
3870
1030
10520
19590
20400
22060
10700
1920
13110
4620
11170
11090
1920
11510
20720
22820
11260
21510
4920
11940
2890
14390
11810
21610
5020
12060
11820
2960
3240
23190
23610
12080
5410
3270
0
15240
4420
13330
12540
13050
3650
24310
6150
16000
4920
13560
1150
24890
0
6670
4800
14770
14670
16840
1600
6120
1210
26020
15400
8060
5470
15390
17880
2570
5830
6890
26790
17190
17050
7190
9850
6190
2570
16370
3210
19190
27600
6600
3580
18770
18150
8910
19990
11230
17000
3790
0
19510
4540
20400
8350
19320
4300
4910
10020
18630
850
12160
5070
20220
9410
21050
19110
1310
5230
10700
12680
20610
5440
20770
21600
1780
21030
11170
6470
13150
5830
20330
10540
21450
21270
11880
2540
20850
14190
22580
6680
21780
2980
10890
0
8390
14790
0
13340
3280
7160
23260
0
8970
12000
1020
15300
610
14010
670
4050
15660
0
8530
14540
13780
1080
10140
1870
2150
16140
4970
15140
10540
740
1680
14300
2840
15570
16920
9760
2590
5900
2620
16220
17460
11770
2330
17090
3100
11020
4720
4360
7350
12880
17780
3570
17050
2990
5270
19280
11800
7870
18410
13640
17700
0
5780
12270
3980
6120
510
4890
6330
8900
19900
19170
14880
12960
6770
5590
5700
2200
9560
7540
20400
15920
7760
14010
0
10170
6470
8060
6650
16380
14590
3340
21430
8590
10800
16870
2540
9190
3830
7410
0
8040
9310
15210
9750
7890
17820
9820
3270
11870
8800
15860
5530
1420
18450
16390
3730
12450
9120
10820
11090
1840
6510
9770
17080
4440
13200
11620
2400
10120
19300
10240
11770
7670
10610
5430
3070
19890
10770
12370
18380
14060
12350
8250
11170
6180
11410
0
14810
13270
3890
11660
19910
13460
9320
4340
1160
7180
12500
16030
12510
14000
20730
14450
7760
10430
1740
14560
12940
17760
7320
10800
15120
2150
8390
16130
0
15450
18840
8910
13710
8660
11800
16070
15970
3880
980
9410
19290
17440
9690
14660
4480
17770
16900
13500
9800
17070
17960
0
2390
17320
15440
18400
480
13690
5520
14750
12180
19530
3040
14020
19340
16330
6040
19590
1380
15540
13810
20170
14870
3700
17110
6660
20800
4230
20630
14320
16640
17610
7190
2660
16570
21770
0
21580
17130
4820
7790
21870
22170
22020
17600
15480
3570
17420
5730
8330
860
22730
23090
18570
16770
4490
22720
18900
7030
23170
0
10290
17250
19490
5660
1820
7670
0
470
0
20500
19890
6000
18020
490
2230
8300
510
11390
1560
6590
1030
21450
2970
9750
19370
21940
1540
12200
2070
1770
1970
23050
11090
22970
4700
13240
2410
9750
20850
3180
23650
2620
11700
5300
10660
3470
21630
23870
5720
4240
11010
21960
25850
4070
12790
4190
14240
24310
6030
22280
4940
4440
0
0
12030
13230
14680
5230
22820
7950
13540
12280
4950
23300
6620
5670
1370
840
8540
5570
23660
13090
15330
6100
14860
0
7520
15980
3100
7640
9650
2530
6870
15010
1250
3150
8750
16550
9120
4920
3510
17450
11360
15980
1720
7600
5500
11820
9850
17870
4550
8410
18900
2800
12620
17290
12480
19390
6550
10710
8950
3730
19030
5360
13270
17710
12990
19900
9530
11070
5750
18130
7410
13750
20650
5540
6060
10030
21360
7920
14350
11810
14700
18830
6440
0
8380
22580
19450
10910
7130
7750
12980
15470
22930
11450
480
17570
20140
9470
8200
820
24040
11960
8780
20560
14120
9870
16440
18610
9170
12610
0
21190
1630
9700
14860
10620
18970
17450
780
14050
15360
0
9870
19490
2770
18520
320
11590
10710
1370
720
10250
15960
19930
12050
4680
15530
11060
10780
19970
1440
2190
16590
12540
5170
20290
21440
11650
2490
2090
5430
21840
12510
13140
16740
6020
17610
13650
21280
3340
13350
3270
17570
23950
21720
18310
3990
8420
14740
0
4970
22070
15200
14420
4480
9060
15250
18930
480
20580
22690
14980
15740
5680
1070
16290
5890
9970
15960
15600
6170
21510
0
16230
1430
16570
15940
0
400
21980
11110
6300
6860
16160
16850
530
2140
11700
17620
7440
0
1710
1180
7490
18400
19200
3720
12770
2090
18810
510
1490
8420
18870
19650
13110
1740
8340
800
8810
2630
0
19290
4390
2080
